0 0.07448432161965249 0.849152902348998 0.14896864323930498 0.27669419530200406
0 0.2303413573357631 0.9379700467804369 0.20072865824437508 0.10421144154108078
0 0.37111182770048534 0.9276282771843956 0.21064917211208342 0.12792172618081638
0 0.4426062744138535 0.8748011423863751 0.2035653303564585 0.22608644154108043
0 0.6625550985020479 0.8840157033525771 0.3122857137152085 0.2011439290046681
0 0.14751393959208267 0.7733058046979957 0.2456086664125002 0.28820600831327037
0 0.26848040302295073 0.7752510864347381 0.18285409327423635 0.2754499440483631
0 0.34155618674229105 0.688026219583406 0.1446254350298613 0.17596676959604132
0 0.4606503724377424 0.7368692333734594 0.19422669794763903 0.22737615690134447
0 0.6044003724377424 0.732686535564173 0.22206075721819474 0.21569451082055266
0 0.6969314049228118 0.8158734571135007 0.1419719072944446 0.1290463054894186
0 0.7944071233876729 0.7537024145562059 0.20538240349472242 0.23706940564770312
0 0.8122141788585064 0.659497773489979 0.18953919794763924 0.22723976458147632
0 0.8754960820688883 0.6240854592250717 0.2227517414506252 0.24538201082055267
0 0.06489372891409703 0.5565478652019793 0.12978745782819406 0.19002926959604133
0 0.15983602089847176 0.5793284841648824 0.24753353590354185 0.23673443652651543
0 0.25614862965593704 0.5335864236608989 0.1948436405769446 0.18679662100796718
0 0.4025138301690273 0.5847588155850556 0.1463320989738195 0.11512019780928676
0 0.4559115871028815 0.5714942859598843 0.16955269984750015 0.17356919530200407
0 0.543321974545694 0.5057125100956369 0.22943815254479194 0.26431386724704337
0 0.6904690782691663 0.5232911520197935 0.1746779173624308 0.2595976235152495
0 0.7408892651988885 0.4031544967678017 0.19909734232430587 0.30246708511458975
0 0.8142371526417012 0.3377818978631584 0.19553593123013907 0.2836261569013444
0 0.9290782898001732 0.468724357813146 0.12271406743868063 0.1737677721033238
0 0.867036803952222 0.2495855643979213 0.2065825340036806 0.28863190564770314
0 0.9072981280404164 0.26402849762573155 0.17711193313000032 0.23000105172849494
0 0.936897321903993 0.13278685781314598 0.12220492116215312 0.15189277210332372
0 0.3159243263693051 0.48110026966254826 0.149167464665139 0.16985316191590943
0 0.388381861038576 0.4204379028112163 0.12213218597979178 0.14876777210332368
0 0.4363115211828122 0.3737614796125358 0.12918227298576407 0.18332462852981452
0 0.5580774184092705 0.37490277929596677 0.1599984747331252 0.2997679824490227
0 0.6275184026417011 0.3432148586045688 0.106325348023889 0.14050063103709692
0 0.6768475618360067 0.269953203352577 0.12929006933854179 0.12087009263643722
0 0.04565472606430543 0.3985451485880742 0.09130945212861086 0.19031877461060615
0 0.12215810220486079 0.38680601504369483 0.17122430262104177 0.1783021594086268
0 0.2083865429343052 0.37180548917944733 0.17932774335048624 0.1910294799417402
0 0.2986673572388539 0.31687028510195453 0.20389133225631967 0.17300690564770313
0 0.3189993474552081 0.24835596582248232 0.143498039703264 0.12752926959604133
0 0.41273181686999977 0.2128383514784328 0.15897887575930572 0.1888759465556454
0 0.49825174278180545 0.19473555766749667 0.1865219943004167 0.1646943004748537
0 0.592365418693611 0.1763827112701358 0.22191528685347245 0.20944451082055265
0 0.6690376746775346 0.1358964520989358 0.16867987765916687 0.1360691953020042
0 0.8114083190542013 0.06408861441055654 0.1297992156150695 0.12817722882111307
0 0.05362892059347202 0.24514736394833808 0.104762848023889 0.14045516693047427
0 0.12274259650527759 0.22752194325694014 0.22260496466513904 0.17198997492717538
0 0.20212227840100677 0.1713424879258061 0.21559124525034737 0.1389956185006846
0 0.2694020037997221 0.09833924544765349 0.1699527433504862 0.1907566953020042
0 0.3709833408056944 0.06179464901703911 0.22151393692972238 0.12358929803407823
0 0.44383961255718746 0.057848289258589605 0.14669577488562507 0.11569657851717921
0 0.5423862153307292 0.04727267052679577 0.12420252583555573 0.09454534105359154
0 0.6688941639439583 0.04953803259467203 0.205670731382639 0.09907606518934406
0 0.05230542277767353 0.10075250626820616 0.08870143692972232 0.12125052586424748
0 0.11769468664538188 0.0754282458433649 0.17725479065319455 0.10196697994174028