0 0.14453125 0.94453125 0.28515625 0.1109375
0 0.46328125 0.9421875 0.36015625 0.115625
0 0.784375 0.92265625 0.35625 0.1546875
0 0.14296875 0.83046875 0.284375 0.18203125
0 0.4125 0.809375 0.3390625 0.22265625
0 0.71953125 0.7953125 0.38515625 0.246875
0 0.9296875 0.76875 0.13828125 0.21953125
0 0.12421875 0.6734375 0.246875 0.22265625
0 0.378125 0.65078125 0.340625 0.21640625
0 0.6703125 0.62109375 0.35625 0.22265625
0 0.896875 0.58125 0.20390625 0.1703125
0 0.0953125 0.4921875 0.18828125 0.190625
0 0.31015625 0.48125 0.3359375 0.18359375
0 0.596875 0.45 0.328125 0.196875
0 0.853125 0.43046875 0.29375 0.19375
0 0.0796875 0.3390625 0.15703125 0.17578125
0 0.2625 0.325 0.3609375 0.18046875
0 0.56015625 0.296875 0.3359375 0.18515625
0 0.83359375 0.26796875 0.3328125 0.2015625
0 0.09921875 0.18125 0.196875 0.21171875
0 0.2921875 0.13828125 0.3171875 0.246875
0 0.571875 0.1390625 0.29375 0.18203125
0 0.85078125 0.1078125 0.296875 0.21171875
0 0.0703125 0.05234375 0.13828125 0.09921875