0 0.55234375 0.815625 0.42734375 0.215625
0 0.29453125 0.6265625 0.33515625 0.15859375
0 0.6921875 0.69453125 0.5109375 0.190625
0 0.5109375 0.5515625 0.4859375 0.16484375
0 0.86953125 0.5953125 0.2609375 0.16796875
0 0.1828125 0.50703125 0.1828125 0.13828125
0 0.09453125 0.3953125 0.1546875 0.109375
0 0.3453125 0.42890625 0.378125 0.146875
0 0.7546875 0.4375 0.490625 0.16796875
0 0.1671875 0.31015625 0.31484375 0.1109375
0 0.51796875 0.309375 0.43203125 0.1421875
0 0.86015625 0.30390625 0.27890625 0.16953125
0 0.09609375 0.2171875 0.1796875 0.12265625
0 0.35859375 0.19921875 0.3671875 0.1796875
0 0.753125 0.16640625 0.48828125 0.1921875
0 0.06875 0.11484375 0.109375 0.1125
0 0.2609375 0.0828125 0.31171875 0.15625
0 0.6171875 0.06328125 0.44921875 0.12265625
0 0.9234375 0.04453125 0.153125 0.08515625