0 0.4305757057013905 0.7881208497877432 0.4807194855799068 0.30892532849760174
0 0.22546570654986225 0.5751957549372455 0.3745679389257404 0.23220453732004528
0 0.5962191210172236 0.6796203300479864 0.5578875783225922 0.30299430598006777
0 0.45480118350560284 0.5201020350129186 0.5271652586241661 0.2715044740863801
0 0.7929956676713902 0.5970920249907693 0.3024195368522218 0.22447357803617649
0 0.14595244674791755 0.4451158335917308 0.21605280989648118 0.1785417119047624
0 0.0887368616162734 0.3254029133259502 0.1774737232325468 0.14372662091177607
0 0.32311983096097296 0.38248901835548077 0.41478283581546266 0.23012040561092756
0 0.7113628332700472 0.42908130706902725 0.5149386606976847 0.27382843768918547
0 0.17802052737958382 0.24728960287006224 0.34206850574944414 0.1804022054263575
0 0.5201109910930098 0.27974834284791295 0.4666187378889811 0.23654968074935515
0 0.8363224599902322 0.3060967851698021 0.28251713996249955 0.22785939389073526
0 0.13150569528731512 0.14850045188261313 0.20999829952888857 0.16261632325581443
0 0.3912422802543059 0.15438500231635183 0.41113015551388854 0.25940738741233027
0 0.7543383110742596 0.1598609376984107 0.47792667624907353 0.29476269894795243
0 0.12931706163990753 0.05550952035806561 0.13511587672018494 0.11101904071613122
0 0.32227624971717606 0.07057451341823531 0.34607250056564787 0.14114902683647063
0 0.6763779893495835 0.07688746530084843 0.47849402130083296 0.15377493060169686
0 0.9437220227614354 0.05606861582687221 0.10161987153638882 0.11213723165374442