0 0.09375 0.91796875 0.18515625 0.16328125
0 0.23828125 0.86796875 0.26796875 0.2484375
0 0.37265625 0.87109375 0.30390625 0.25703125
0 0.6078125 0.84296875 0.36484375 0.3140625
0 0.846875 0.9328125 0.30234375 0.134375
0 0.1125 0.73203125 0.21875 0.23125
0 0.08125 0.47578125 0.1609375 0.3171875
0 0.21015625 0.5828125 0.309375 0.36328125
0 0.27421875 0.284375 0.43984375 0.25703125
0 0.43828125 0.62578125 0.31328125 0.29296875
0 0.44609375 0.3375 0.3640625 0.3078125
0 0.6828125 0.50625 0.3890625 0.36171875
0 0.3484375 0.1125 0.60078125 0.221875
0 0.73984375 0.16796875 0.51875 0.3296875
0 0.84609375 0.328125 0.3078125 0.39765625
0 0.840625 0.73359375 0.31875 0.41328125