0 0.3252987926070832 0.9572312378997516 0.4811875446422687 0.08553752420049676
0 0.7350323027533531 0.9342169604778009 0.47422052434972917 0.13156607904439815
0 0.19344877475017577 0.9236880057555366 0.2771273360381265 0.1234749031980126
0 0.4139425068932683 0.8905992915653025 0.182940959414921 0.09792948165323559
0 0.9197976487391735 0.856843998625258 0.16040470252165306 0.12126698770335978
0 0.2709095271858077 0.8413345688890572 0.4400091655834313 0.14629530054229312
0 0.9054969870077659 0.7676905950344617 0.17699096834337488 0.11508062021691715
0 0.17003677393939684 0.7907527859079617 0.26191143912238163 0.1468214996072165
0 0.6114509322192274 0.7042674027070335 0.659059174511885 0.16475545081343945
0 0.31021966882654683 0.676736258584207 0.458813712661332 0.14952938485124853
0 0.7560310008074836 0.6183986012809777 0.46517280681713336 0.1558157462875668
0 0.1421048685022353 0.6226385901626879 0.2476307508107789 0.1342396863754999
0 0.6102860783241935 0.5480264930661131 0.7235307775961403 0.18856565553570376
0 0.30991788554836386 0.5251873941228264 0.4512194009729347 0.1619839330558502
0 0.7445326189092725 0.4519423543060398 0.46802507142762995 0.14020892700572607
0 0.16233377353565506 0.48370790036934236 0.3102671185055306 0.1424158007386847
0 0.599005884737585 0.39407024609117514 0.6966682686676864 0.17122361943135028
0 0.23620587580913127 0.3747737827847038 0.4619932597392326 0.1526725655694076
0 0.6878990150142383 0.29537873691779293 0.47413870373287814 0.13243278844204456
0 0.12912403287114588 0.3264993883672898 0.24941143912238162 0.1467487767345796
0 0.5479773985373028 0.24535094495970697 0.6921171363624381 0.17900884835411138
0 0.23195693222252273 0.2208584424256242 0.45895008035608365 0.15734188485124836
0 0.6618841655834313 0.14758613153159866 0.4696693920444808 0.14490551736480572
0 0.10826428774240986 0.1607698492378742 0.21287392126547414 0.11216469847574842
0 0.5265682284896446 0.09289811065075156 0.713910315745587 0.17444861338122605
0 0.21383640340856663 0.07779878883482802 0.4273455243497293 0.13684757766965602
0 0.6208306972400565 0.03329637255460824 0.46666139448011296 0.06208392700572608