0 0.19538778072298507 0.8966723654069793 0.2081904735504664 0.14528005167111147
0 0.3253706833114687 0.9390209067257637 0.20398882096198284 0.0999311840799308
0 0.09000233070886762 0.9139891116072569 0.08008088410204497 0.11577177678548622
0 0.08986655184025963 0.8310675088337153 0.08599768415851472 0.056614982332569494
0 0.32008467285871217 0.861695340521354 0.20324536831702938 0.11395731648875014
0 0.46021612017140645 0.9171069262930551 0.20306335779368573 0.11083231648875014
0 0.6101328201855238 0.8987537037441313 0.2080238735787013 0.11562891926229213
0 0.4779048781345014 0.8447227800165275 0.20059080517696729 0.09517094889756947
0 0.6488999175970404 0.8524774625778466 0.19670694198043534 0.13565047853284745
0 0.8275100359846569 0.8835241747744437 0.2085853157003111 0.09847778685347208
0 0.9438524061818017 0.8623914443417353 0.11229518763639668 0.10022081838861112
0 0.819561757116049 0.8007844099568049 0.20849431043863903 0.09691528685347243
0 0.9375117654320796 0.7835397457285062 0.12497646913584078 0.10985039152687506
0 0.13474714135926824 0.7823020473027082 0.1855874314570916 0.13227090539458358
0 0.26760514399010416 0.7799920520523609 0.18147678413027987 0.08848453780340293
0 0.4364993571584012 0.7651086684092705 0.21087585779368573 0.11101415444465293
0 0.6221561360975963 0.7693928588543745 0.19397678413027997 0.08877547853284753
0 0.7963069966632924 0.7238770710509715 0.18329688936371688 0.11973453780340293
0 0.9399202812523889 0.707613025363784 0.12015943749522222 0.08786628875333342
0 0.13766076778056696 0.6711463417556249 0.20215330517696722 0.09520731648875014
0 0.28116013879901947 0.7037925747537845 0.20160727360693614 0.08583231648875014
0 0.43746334670564463 0.6876376318401386 0.1489527104668739 0.06588218597979179
0 0.6098388756448399 0.6922309468102773 0.20638577886860787 0.08750391926229177
0 0.12277994944942008 0.5768332973027082 0.1788669945971538 0.15083906743868064
0 0.29402488886960665 0.6291737812507984 0.1767892841302799 0.0883754350298613
0 0.46498213097709884 0.6228477800165274 0.2018802893919517 0.09051981648875014
0 0.641900946747997 0.6382876760087148 0.1711007262518894 0.07107883225631965
0 0.8006234993647154 0.6502395492994786 0.20166745776545092 0.140447081306389
0 0.9298137510330694 0.6241283781373257 0.14037249793386125 0.10552656743868064
0 0.3427893415851472 0.5396378493550692 0.303396557737216 0.17246210714194454
0 0.5593776021084909 0.537725937976562 0.3156991366622936 0.19615418028020848
0 0.7884126547252093 0.5480412696642007 0.2003779735504665 0.1450982137152085
0 0.9389616023908396 0.5402073198167006 0.1220767952183209 0.11446515634451408
0 0.12939469952000726 0.5023599741644443 0.2092825366905286 0.1640300516711113
0 0.30309823905313327 0.4357322525654512 0.1959943104386391 0.09662434612402789
0 0.47646014434304007 0.40353408235322885 0.20461044724210714 0.13739481648875013
0 0.6240477758848362 0.43921439637343695 0.1969953683170294 0.11381184612402788
0 0.7978870942865702 0.4555082775479855 0.1842825366905288 0.1634481702122223
0 0.9341152076948637 0.4535431212034714 0.1317695846102726 0.11301175911805572
0 0.1346366653897274 0.41774858482177074 0.22197995776545087 0.1409198599917362
0 0.13657932601189313 0.316785496865868 0.2307935156438412 0.15828919794763907
0 0.2100784682182074 0.20868074971565953 0.25890310509226266 0.18546994699770852
0 0.3220309786003767 0.35784298869774284 0.19846686305535766 0.1122857137152085
0 0.48234685232025243 0.3165607592149649 0.18164338410204497 0.11813567021222235
0 0.6269914943853923 0.3554388084175342 0.19936150512049747 0.15443684612402792
0 0.7938982733245875 0.36015940995680495 0.18052049985882573 0.1524379350298613
0 0.9240730787839034 0.3755999591593742 0.1518538424321932 0.11025043502986129
0 0.3141814102692299 0.2633662900845136 0.18695251038216937 0.1557084053945835
0 0.48084599452656657 0.21020165644142322 0.1934755261671849 0.16054137575930572
0 0.6302614365775892 0.2638325366660411 0.1804294945971538 0.15087543502986128
0 0.42358796039628677 0.1270449707459719 0.23061150512049747 0.15516419794763908
0 0.6015155393213645 0.14637293294256892 0.201743052475544 0.1685357137152085
0 0.7607995340596927 0.14110093864215215 0.17997446828879457 0.14306293502986128
0 0.7808606760542454 0.2571980641171174 0.164076452503779 0.1380117591180557
0 0.9047700709619828 0.2571954512755895 0.1904598580760343 0.1796914192622918
0 0.641542028868608 0.07614879212654493 0.27196454721387225 0.15229758425308987
0 0.8444163998870605 0.10223655381005177 0.19170019454068415 0.20447310762010354