0 0.07890625 0.89296875 0.15625 0.109375
0 0.16875 0.9671875 0.29375 0.065625
0 0.2625 0.9078125 0.25078125 0.12109375
0 0.45625 0.97109375 0.28125 0.0578125
0 0.4640625 0.91328125 0.25625 0.12890625
0 0.68828125 0.92265625 0.21328125 0.13671875
0 0.87421875 0.9359375 0.240625 0.12734375
0 0.925 0.846875 0.15 0.12578125
0 0.05078125 0.80625 0.1 0.08671875
0 0.19921875 0.8078125 0.23203125 0.08359375
0 0.39296875 0.81796875 0.23984375 0.1125
0 0.5859375 0.82421875 0.20390625 0.109375
0 0.815625 0.825 0.25390625 0.109375
0 0.11640625 0.72578125 0.209375 0.13515625
0 0.31171875 0.7171875 0.2359375 0.13359375
0 0.5140625 0.71796875 0.22578125 0.1140625
0 0.71953125 0.72265625 0.21875 0.14375
0 0.89140625 0.715625 0.2171875 0.1390625
0 0.059375 0.60234375 0.1171875 0.1171875
0 0.25 0.60625 0.29375 0.115625
0 0.50078125 0.60703125 0.325 0.140625
0 0.76171875 0.5984375 0.35703125 0.1015625
0 0.9296875 0.62265625 0.140625 0.1453125
0 0.09609375 0.49921875 0.18984375 0.12578125
0 0.265625 0.4953125 0.21484375 0.1453125
0 0.4625 0.48671875 0.21875 0.10625
0 0.65859375 0.49140625 0.259375 0.13203125
0 0.871875 0.496875 0.2046875 0.13046875
0 0.04140625 0.4 0.07890625 0.09296875
0 0.1796875 0.390625 0.221875 0.10625
0 0.3796875 0.38515625 0.203125 0.1140625
0 0.57578125 0.38515625 0.240625 0.1171875
0 0.78671875 0.3875 0.253125 0.10625
0 0.928125 0.38984375 0.14296875 0.15859375
0 0.0828125 0.3 0.16328125 0.12265625
0 0.23984375 0.28203125 0.18671875 0.140625
0 0.4296875 0.29375 0.21328125 0.12578125
0 0.62890625 0.2765625 0.23828125 0.12421875
0 0.85078125 0.27265625 0.23828125 0.13203125
0 0.18359375 0.171875 0.340625 0.13046875
0 0.44296875 0.17265625 0.36015625 0.12578125
0 0.74765625 0.17265625 0.328125 0.12265625
0 0.92890625 0.159375 0.1421875 0.1390625
0 0.084375 0.07734375 0.165625 0.13359375
0 0.26015625 0.05859375 0.19921875 0.1140625
0 0.4625 0.06015625 0.2453125 0.1171875
0 0.66953125 0.06875 0.2390625 0.12578125
0 0.8734375 0.05859375 0.253125 0.1140625