0 0.13277811254777822 0.8772849614043519 0.2200783320337257 0.24543007719129628
0 0.3607678472310956 0.7609268752828239 0.4416282573997242 0.4781462494343522
0 0.5638383032304592 0.7723711604148609 0.48532371339908786 0.4552576791702784
0 0.7144911892107328 0.9405237125356475 0.17056813335454457 0.118952574928705
0 0.8024008165579597 0.8717974385964335 0.17067722135581712 0.1803887119699997
0 0.8830599232177325 0.916411560744953 0.21609880935709 0.16717687851009408
0 0.9243127265675046 0.8120792689452759 0.1362113146880901 0.16956878916129617
0 0.09061043590868602 0.6812684153158332 0.1772726666931806 0.2106230161170366
0 0.05722905529918339 0.5622942399152313 0.11445811059836677 0.11833847983046261
0 0.1153966386457737 0.43994007775694416 0.2307932772915474 0.2642551555138884
0 0.4144581105983668 0.53989757888824 0.3164987986950896 0.23685190838861062
0 0.5704092132797751 0.4448372315274063 0.37954533338636126 0.4234332488222215
0 0.75739104527373 0.5057726059385171 0.2442430853755436 0.3319894596609255
0 0.8067899665818221 0.6962212401515725 0.2649919373806341 0.37126657313879574
0 0.9143035692632306 0.596923160651202 0.12078630935709 0.18538927879370348
0 0.919326329248913 0.702938714798239 0.14792951734563572 0.10347489745537004
0 0.9760314099300033 0.6015416016031926 0.037319281349453705 0.12189412384546294
0 0.06335288064927352 0.34082934302550916 0.12670576129854705 0.1691586860510183
0 0.14661827196054728 0.3037482995288886 0.14055336935072646 0.14029139227157383
0 0.32833080128104786 0.41427357082972155 0.2640465080362711 0.29001657313879575
0 0.06254490599140948 0.2070988919887499 0.12508981198281896 0.16107278397749977
0 0.1773153833147736 0.15237101870893485 0.2634828866963622 0.2415790731387958
0 0.325216533975183 0.2114513672010642 0.3324874253659985 0.2694689187562031
0 0.4009716066597731 0.08591341644712887 0.25430678668045387 0.12370806795499951
0 0.5802585699793191 0.20326488619282296 0.39547832137172556 0.3171244602265733
0 0.7974813379615018 0.35365303133911885 0.358941932049634 0.3966561353443511
0 0.7297233153246367 0.1279702346849523 0.1655533693507266 0.1424786088597219
0 0.8205204906508644 0.18831099533536882 0.13254087468172662 0.12242038708777754
0 0.9120716439767736 0.2510638565041649 0.11976924936345341 0.23212757775694418
0 0.8525795599936365 0.1215137660705539 0.1792158800127268 0.10933391819055523