0 0.07734375 0.7578125 0.11171875 0.1453125
0 0.15234375 0.8125 0.08203125 0.09296875
0 0.2625 0.85 0.13515625 0.1015625
0 0.35703125 0.909375 0.1140625 0.11875
0 0.48828125 0.9125 0.1421875 0.16328125
0 0.7328125 0.92421875 0.20234375 0.1515625
0 0.9171875 0.81484375 0.16484375 0.3671875
0 0.02890625 0.590625 0.05234375 0.12265625
0 0.0765625 0.66015625 0.10078125 0.13046875
0 0.18984375 0.7734375 0.1171875 0.1109375
0 0.2015625 0.67265625 0.15703125 0.115625
0 0.2796875 0.73828125 0.1609375 0.12421875
0 0.3828125 0.85390625 0.09921875 0.1390625
0 0.38984375 0.725 0.078125 0.11875
0 0.45078125 0.77578125 0.1203125 0.11875
0 0.59296875 0.8390625 0.15234375 0.13671875
0 0.80625 0.73359375 0.303125 0.2625
0 0.49921875 0.70390625 0.128125 0.13359375
0 0.640625 0.71640625 0.15 0.12265625
0 0.02734375 0.43046875 0.053125 0.13203125
0 0.08828125 0.46484375 0.1609375 0.13203125
0 0.1078125 0.54140625 0.09921875 0.09921875
0 0.19375 0.571875 0.12109375 0.0828125
0 0.28515625 0.62890625 0.11875 0.09140625
0 0.43671875 0.59296875 0.18828125 0.1421875
0 0.5828125 0.60234375 0.165625 0.14375
0 0.22265625 0.5265625 0.13203125 0.1078125
0 0.340625 0.53671875 0.14609375 0.16171875
0 0.52421875 0.471875 0.184375 0.17109375
0 0.690625 0.45859375 0.26328125 0.23984375
0 0.8046875 0.56953125 0.29296875 0.228125
0 0.10703125 0.2609375 0.178125 0.21875
0 0.12265625 0.35859375 0.08125 0.140625
0 0.26875 0.40625 0.1859375 0.1765625
0 0.24375 0.27421875 0.1703125 0.2515625
0 0.42578125 0.38125 0.17734375 0.1875
0 0.69765625 0.4546875 0.23984375 0.24140625
0 0.915625 0.44921875 0.16796875 0.190625
0 0.3671875 0.2328125 0.14296875 0.19921875
0 0.58984375 0.26796875 0.26796875 0.24453125
0 0.23125 0.159375 0.1109375 0.13359375
0 0.3671875 0.12265625 0.2140625 0.13203125
0 0.56171875 0.14921875 0.24296875 0.17578125
0 0.73828125 0.278125 0.1046875 0.16015625
0 0.8609375 0.3234375 0.14609375 0.178125