0 0.1737611988002305 0.9437290712443314 0.29946645407749284 0.1063534997176511
0 0.49006816039957074 0.9019085083866181 0.3758303772761732 0.15759675227790026
0 0.7977048156515625 0.8364152270989355 0.3588534774344577 0.2174421891378379
0 0.16056852850454392 0.8610453738610501 0.31096154671393 0.2333710260260105
0 0.42698079018302637 0.7917137320076716 0.3717004699126104 0.28370422596954087
0 0.731606105701575 0.7224962112433329 0.4210017879384413 0.31621288908136835
0 0.9175041532734347 0.6594138403660545 0.1302571159934022 0.24156441567207593
0 0.13357205179500192 0.7093232501411743 0.26714410359000385 0.26739741553090185
0 0.37831127263204917 0.6416829109045145 0.3715186134861197 0.27745422596954084
0 0.6661582651102018 0.5594039480185661 0.3889334340192331 0.28626778384793106
0 0.8806359537482884 0.4790584824311946 0.21345004922121252 0.2058536998023559
0 0.09446173917944732 0.5347551606221657 0.18892347835889464 0.22423967875566858
0 0.294690093560874 0.4866684581889739 0.3627513672470434 0.2441866996611815
0 0.5770910680923379 0.403926763718877 0.3568650801000249 0.25632267861449415
0 0.8308896695042638 0.33922941395887335 0.3222627595669113 0.24650806285771348
0 0.07150762397746797 0.38621124480891533 0.14301524795493595 0.20257751038216937
0 0.23262566574334004 0.3413174318100275 0.38618886724704343 0.24555177858625932
0 0.52667719411487 0.2602369478773917 0.3627968313536661 0.24574919966118164
0 0.7964645083797772 0.18212954550066957 0.3616889724198929 0.26128319439950976
0 0.0850365780549608 0.22776170797721237 0.1700731561099216 0.24447658404557523
0 0.24515807264468442 0.15204449477362175 0.35358696740532797 0.3040889895472435
0 0.5234793009370721 0.1099190014918859 0.3203820108205527 0.2198380029837718
0 0.7964454394960164 0.07670192398810687 0.3258591210079672 0.15340384797621373
0 0.046147574294037104 0.10508234214984453 0.09229514858807421 0.12108531570031093