0 0.24499291753775632 0.7676073891239072 0.14121587334017516 0.11139595792955603
0 0.26160317973620056 0.6695905062041863 0.19145222267624523 0.15551729852673155
0 0.26112593588452065 0.5875592562041863 0.23073289129415606 0.1957488146182751
0 0.21131176736480572 0.4817737959288417 0.1787795058537325 0.12495571337743776
0 0.2388868006404888 0.38920923751475284 0.22104881908544902 0.14196825075630465
0 0.3666633844584649 0.7409734693295226 0.21354539129415606 0.19454694753799587
0 0.3537856136758137 0.5409352645020595 0.21231014422102223 0.25068768689433424
0 0.5950201886149952 0.7967692733041358 0.28540221057599685 0.19644793714643569
0 0.506243514045156 0.7054397969372478 0.20394313231716552 0.1548288836760255
0 0.5674350232185381 0.6191305923618863 0.33403060811666874 0.2326475170999494
0 0.76341566461089 0.7476319228196032 0.15554199375348396 0.15769180372251182
0 0.8949878514773694 0.6779581972090198 0.18523858411256383 0.16133025595208467
0 0.7979219539366975 0.6383715373019923 0.17421018052176757 0.1449404314464527
0 0.9608294574527388 0.6272422852083054 0.07834108509452235 0.12599405347041034
0 0.7958413034691592 0.5491997766583305 0.18201359016268803 0.1439242346647614
0 0.8893049571581513 0.5065366652780346 0.12109427088084708 0.14278806956195353
0 0.9463306202169172 0.48719643941534974 0.10733875956616572 0.14983574505632155
0 0.5378788125443454 0.5053905204541442 0.30580561416679297 0.21349332551403824
0 0.7351623578220812 0.4551494918773537 0.147684041958086 0.14933300050420312
0 0.8224987313586481 0.43314308792241085 0.14301472267624513 0.15213021857321785
0 0.9081407946885605 0.38837117332380633 0.1506363251355733 0.11986402179152655
0 0.49655840007475477 0.38301849371893915 0.3075771924256241 0.2495400861577001
0 0.565040234481906 0.3417322120400555 0.32462833703942984 0.22730445323797904
0 0.7016226290957117 0.32785501836045733 0.21206470452587248 0.20850018689433422
0 0.7881913881708981 0.3081377340836836 0.16960449375348396 0.1586751495154674
0 0.8748010538619427 0.2954516998069099 0.1868283551898024 0.16612701659574647