0 0.1337677412604462 0.8863719514630208 0.17434609456891897 0.1803810970739584
0 0.262697107087814 0.843473323803854 0.29993689974588617 0.27380640159486125
0 0.3970188991811888 0.8528638947579165 0.33807393657758916 0.2856167237831947
0 0.6325090781486189 0.8262604546940618 0.40459357864272893 0.3292952950215976
0 0.8552599785297896 0.9200968011993396 0.28948004294042073 0.12911215064493078
0 0.148029120383168 0.7014150700041318 0.22835032608248026 0.2502948599917364
0 0.11352750483814884 0.44483841489388887 0.19411110495108833 0.3321981702122223
0 0.23823064420186565 0.5577176617597568 0.3567622943712748 0.3921576645126391
0 0.305542157638394 0.2627850618360067 0.4729949681476203 0.2981193366247227
0 0.46586209151456004 0.6110926624253469 0.35110455759604164 0.32180879692145864
0 0.4772876259977757 0.32371929578409686 0.4037591207361039 0.341758927430417
0 0.7122449968750539 0.502875546449687 0.4366318048946187 0.39713741166284755
0 0.3826066446253887 0.11638741299402774 0.6277132892507773 0.2327748259880555
0 0.7461392526308359 0.17786585438906227 0.5077214947383283 0.35573170877812454
0 0.8486719894060691 0.331905816966909 0.3026560211878618 0.42598715064493076
0 0.8407211589538119 0.7378655294478464 0.318557682092376 0.44244860524208357