0 0.221875 0.95390625 0.43671875 0.09140625
0 0.6875 0.9609375 0.38125 0.078125
0 0.93203125 0.96953125 0.1359375 0.0609375
0 0.17109375 0.890625 0.3 0.1046875
0 0.50859375 0.9078125 0.37734375 0.12421875
0 0.8453125 0.8859375 0.30703125 0.1140625
0 0.07578125 0.80703125 0.14921875 0.0828125
0 0.31640625 0.80625 0.35703125 0.09296875
0 0.665625 0.8 0.34375 0.115625
0 0.92109375 0.79921875 0.1578125 0.1140625
0 0.17578125 0.71953125 0.2953125 0.1171875
0 0.50078125 0.715625 0.37109375 0.13359375
0 0.8375 0.70546875 0.3171875 0.12734375
0 0.1078125 0.6203125 0.2140625 0.1125
0 0.3984375 0.6140625 0.36875 0.115625
0 0.7359375 0.60234375 0.315625 0.12265625
0 0.94375 0.60078125 0.11015625 0.09453125
0 0.046875 0.528125 0.0921875 0.071875
0 0.2203125 0.53046875 0.26484375 0.1015625
0 0.52265625 0.51171875 0.33515625 0.115625
0 0.83984375 0.521875 0.29609375 0.1015625
0 0.0546875 0.4515625 0.10703125 0.08125
0 0.2296875 0.44921875 0.2703125 0.10078125
0 0.5828125 0.41328125 0.371875 0.11875
0 0.8859375 0.425 0.228125 0.10625
0 0.1328125 0.37734375 0.234375 0.09453125
0 0.44765625 0.33984375 0.37109375 0.12734375
0 0.82421875 0.34609375 0.30703125 0.1046875
0 0.0703125 0.32421875 0.1359375 0.071875
0 0.315625 0.27109375 0.3171875 0.12578125
0 0.7015625 0.25859375 0.3546875 0.11875
0 0.93359375 0.26171875 0.1328125 0.11875
0 0.13203125 0.23359375 0.26015625 0.1078125
0 0.48984375 0.1703125 0.3796875 0.115625
0 0.84140625 0.14765625 0.3171875 0.103125
0 0.1078125 0.146875 0.21171875 0.1109375
0 0.290625 0.1171875 0.140625 0.1171875
0 0.45078125 0.07734375 0.146875 0.08828125
0 0.72890625 0.0609375 0.34765625 0.09765625
0 0.95390625 0.0890625 0.0921875 0.0765625
0 0.096875 0.09140625 0.18828125 0.08984375
0 0.11875 0.034375 0.196875 0.06015625
0 0.2921875 0.03515625 0.17421875 0.0671875