0 0.29140625 0.81875 0.24921875 0.29296875
0 0.134375 0.57734375 0.1140625 0.38828125
0 0.2171875 0.66640625 0.1109375 0.3640625
0 0.33125 0.57421875 0.1390625 0.228125
0 0.271875 0.43984375 0.1140625 0.2109375
0 0.4328125 0.7921875 0.1 0.27734375
0 0.54140625 0.78203125 0.14921875 0.2859375
0 0.45546875 0.51796875 0.12890625 0.3921875
0 0.38125 0.3515625 0.134375 0.37265625
0 0.55234375 0.12890625 0.203125 0.17109375
0 0.60703125 0.2703125 0.2078125 0.27890625
0 0.525 0.57109375 0.1 0.24765625
0 0.640625 0.40859375 0.1828125 0.26328125
0 0.65078125 0.59765625 0.165625 0.2125
0 0.66796875 0.81875 0.14765625 0.3484375
0 0.84140625 0.83125 0.20703125 0.27890625
0 0.7734375 0.59375 0.28671875 0.28203125
0 0.9546875 0.8546875 0.08828125 0.28046875
0 0.953125 0.646875 0.09296875 0.2
0 0.75234375 0.32265625 0.2140625 0.29609375
0 0.890625 0.3625 0.20625 0.38359375