0 0.19634042817192357 0.9096789628578288 0.2682159862002823 0.16856535892771413
0 0.16281405113838573 0.7260977908671489 0.32562810227677147 0.321857224904398
0 0.13454082102388812 0.48254962302565385 0.26908164204777624 0.32865075394869225
0 0.13189488230524832 0.19296875 0.26378976461049664 0.3859375
0 0.4578876286583909 0.8102780010256853 0.39131038717321703 0.3370570950302671
0 0.40903666599376365 0.4800469719813911 0.5575274967502939 0.47292650789738444
0 0.34316184456283844 0.16341038194872357 0.45742631087432317 0.32682076389744713
0 0.782737624194164 0.7942447236317763 0.40959673701106125 0.3119153850722231
0 0.7395036416440345 0.589202948736667 0.503319463472111 0.3174568352820046
0 0.73852711729101 0.25184222945456824 0.520927523535655 0.5036844589091365
0 0.6573255304388091 0.05448197737997582 0.36034893912238175 0.10896395475995165
0 0.9110975925342435 0.18999308628446793 0.16512971671852164 0.34176421535662843