0 0.0723357888612047 0.5091193724558087 0.0853948843300113 0.09323874491161739
0 0.1627407433647115 0.4982847710308992 0.12329540252860856 0.10145403663473136
0 0.2716651603912895 0.49698562188998174 0.12017040252860856 0.10129026232447202
0 0.3702528547157636 0.5044882626631562 0.10646884793281668 0.08188516508343398
0 0.44250858651716624 0.5020460153766896 0.07794332973421944 0.07416119629109837
0 0.515395373994095 0.497300961667788 0.08379281153562221 0.06823874491161738
0 0.5779256523717251 0.4888986414505429 0.09543121838316751 0.07974945499752568
0 0.6330439489479525 0.4863368854576491 0.07481832973421945 0.07399742198083885
0 0.6932001989479525 0.4894895409301445 0.0669057001845701 0.07202548620519007
0 0.7375812546234785 0.48947957485134247 0.045591904688076924 0.05533595318850324
0 0.7725873102990045 0.4889782858417619 0.05370479333702498 0.06043288896415202
0 0.8138934307493552 0.48958579545270026 0.052042163787375625 0.058788501809022266
0 0.845824551199706 0.4897019821328602 0.04645349784053181 0.04448034034363317
0 0.903336662550758 0.4880443068726611 0.06999112739018117 0.04727114767057934
0 0.9570426534514592 0.4877444137246375 0.04665375693983052 0.04760534034363299
0 0.9818419386166488 0.4841181247150569 0.036316122766702465 0.05278416327441153
0 0.05288607957733593 0.436466444482076 0.05318316162790724 0.1008941146538925
0 0.10547085903470019 0.4065199949116174 0.15568640036914022 0.1451973925821967
0 0.22907833975636877 0.4277918865893029 0.14308627081949093 0.14297979534115868
0 0.3385034045311934 0.43430523744838545 0.16289812307124443 0.1362318283578455
0 0.41192111813399884 0.4256948773170487 0.10238212523071262 0.09101450361804453
0 0.483685496603914 0.45203604929788754 0.1030830320782579 0.10195200361804453
0 0.5369711829088235 0.43302709972742887 0.08323160703211538 0.08378185775648764
0 0.5929207942598755 0.4312875373120999 0.10101988433001133 0.09405761646291491
0 0.6598276920081221 0.44258024140511437 0.07239423658176473 0.08477114767057933
0 0.7145454703857522 0.4337684854122205 0.0858559592838688 0.07613313206674702
0 0.7662581647102262 0.4388145115315024 0.07541910703211538 0.08337242198083886
0 0.8044893499354014 0.44003949683218135 0.06328005243632343 0.06404921189493056
0 0.8349580999354016 0.44163629635721147 0.0653432001845701 0.07194359905006031
0 0.8757530806570701 0.4585681688130201 0.046192681985972685 0.06471095318850324
0 0.8924702112864538 0.4399786210970123 0.06201794108527139 0.06865482473980081
0 0.9270454703857522 0.44490513850986685 0.06141716378737563 0.0592798247398008
0 0.9598579703857523 0.4466247687675916 0.05486677513842757 0.05426477611928178
0 0.9847719255075678 0.4540997540682706 0.030456148984864484 0.05286605042954129
0 0.08164453038021491 0.3141720426276252 0.09991845928386875 0.07687011646291486
0 0.13063274290328616 0.3253042944366475 0.17752182757475107 0.12142569990914298
0 0.25164614975083144 0.3425471053816384 0.18649630937615386 0.11566702283992143
0 0.3698349452473246 0.3643136420163698 0.1124184592838688 0.07752521370395282
0 0.43757315777039596 0.3764285396869491 0.1093935888335181 0.07892393939369331
0 0.4862411952473247 0.3704142350735363 0.0936684592838688 0.07654256784239584
0 0.5433225100221494 0.3741843662357723 0.05945414558877822 0.05294793758467105
0 0.6380039543466233 0.38148228912112225 0.13525518198597286 0.06937852103089917
0 0.7432724452473247 0.3838846720923805 0.09841651603912886 0.05343261646291486
0 0.8217478986710972 0.3934477798488681 0.07009125693983051 0.048833647670579336
0 0.8730100100221492 0.39146255596814994 0.06091651603912922 0.0514673247398008
0 0.9492256492894061 0.394939438034897 0.10154870142118781 0.06346271370395282