0 0.19765625 0.696875 0.128125 0.07890625
0 0.23359375 0.60234375 0.17265625 0.1109375
0 0.24921875 0.521875 0.20625 0.1421875
0 0.2203125 0.4125 0.165625 0.0828125
0 0.265625 0.325 0.20703125 0.0890625
0 0.32421875 0.68515625 0.18828125 0.146875
0 0.35078125 0.4875 0.17421875 0.20625
0 0.540625 0.76796875 0.26484375 0.12890625
0 0.46953125 0.6671875 0.18671875 0.10625
0 0.54765625 0.590625 0.31015625 0.15234375
0 0.7171875 0.740625 0.134375 0.1234375
0 0.8625 0.68828125 0.16484375 0.11875
0 0.7734375 0.6375 0.15703125 0.1046875
0 0.94765625 0.6484375 0.07890625 0.1078125
0 0.7890625 0.55 0.165625 0.1015625
0 0.88984375 0.51953125 0.1 0.1171875
0 0.95390625 0.50859375 0.08828125 0.12734375
0 0.540625 0.475 0.2828125 0.140625
0 0.746875 0.45 0.12734375 0.11640625
0 0.83828125 0.4390625 0.121875 0.12109375
0 0.93203125 0.40546875 0.1359375 0.084375
0 0.5234375 0.35 0.27734375 0.178125
0 0.6 0.31796875 0.3 0.15078125
0 0.73828125 0.32109375 0.184375 0.1609375
0 0.82890625 0.3125 0.14765625 0.12109375
0 0.9171875 0.31015625 0.16484375 0.1234375