0 0.09789100554632911 0.7939105117868243 0.10266152991878956 0.14342897642635144
0 0.17171733420081442 0.8821510663777195 0.23769786397194567 0.135697867244561
0 0.23723291023440604 0.8407041209686147 0.28122662091177597 0.18290250702931346
0 0.42005350708748856 0.9301368403656529 0.29430880937615383 0.11964052770747777
0 0.43638061149871027 0.8792271577768297 0.28963989820967195 0.1926413800648426
0 0.6549897115909953 0.9035228746926685 0.24631140036914018 0.1485617402800905
0 0.836379413935034 0.9217162948754947 0.2679069956810635 0.09660113399378431
0 0.9022454433923983 0.8857380994663899 0.18304993676633502 0.1580779813887503
0 0.07260230644149315 0.7049764443756474 0.06149630937615384 0.10879711124870503
0 0.18871746220930424 0.7316951480569199 0.25206075262089367 0.1410403387085138
0 0.37947167257290715 0.7737434452042169 0.26802571406423076 0.17138281017246654
0 0.5699254942875622 0.811104242351514 0.23148743676633482 0.16033399420903188
0 0.7980295103266911 0.8490621989282706 0.2820882140642308 0.17203778163641914
0 0.13792811535622168 0.6361129743594368 0.20496450956072398 0.18402405128112634
0 0.31346833589885736 0.6608474929706867 0.269327398209672 0.19169531017246655
0 0.5146593985142138 0.6945738678682428 0.2554255845145814 0.16923811331561964
0 0.7176632850036934 0.732133718158693 0.25566541640826923 0.19729033870851395
0 0.8814634588962725 0.7531439232877075 0.23707308220745488 0.19245728949430224
0 0.09118591841085402 0.5058647022335304 0.12609902991878957 0.14452059553293922
0 0.26893948102621035 0.5406826962376743 0.3220518800110746 0.18791964681406553
0 0.5168751357142873 0.5824184702256077 0.3599919710040611 0.22084346277750022
0 0.7768602074289422 0.6165407973566941 0.3814268800110746 0.19068508188408817
0 0.9254445951550394 0.6677115374318966 0.1491108096899211 0.17966188296032684
0 0.13210321020671942 0.4107127140203547 0.22135097316352942 0.17232457195929068
0 0.3005120511997058 0.43421221836358076 0.2526405459579185 0.19870728949430205
0 0.4970959569675169 0.4571830297789016 0.24554993676633483 0.16098896567298446
0 0.6906247139073473 0.493617027711987 0.29296515730897055 0.19591192927905432
0 0.8910608995201187 0.5339743922704608 0.21787820095976257 0.1808648180303493
0 0.09155045650609159 0.30368361807313055 0.10378393892580315 0.11232452564056317
0 0.23030207587670812 0.31681070264781513 0.24867493676633484 0.16113451488719618
0 0.42948005551864255 0.34357860215247704 0.2316876958656334 0.1634589942090317
0 0.6234896738095248 0.37528871278200954 0.2698886027131788 0.1761430847795724
0 0.8326934955241798 0.41177621464403635 0.28032545496493205 0.1688400070293133
0 0.9398098789313405 0.4380582706826736 0.12038024213731902 0.19114303846084474
0 0.1475618221760803 0.21174652109244918 0.1958503254152828 0.163347678245597
0 0.3055443028977488 0.21927642307831055 0.2238146391103733 0.1864598465663966
0 0.4923922632613518 0.26150665674337226 0.24508886181247735 0.1781036910658786
0 0.6924318360557409 0.2772642816409284 0.27028912091177587 0.18239308477957233
0 0.8880483173957183 0.3090278961994023 0.22390336520856344 0.18933228949430206
0 0.2658531423495758 0.10443063482235357 0.37365395280546376 0.20886126964470714
0 0.523263926587302 0.14409867886927877 0.3908414528054637 0.21604895491961748
0 0.8227650751845701 0.19351636621561294 0.3544698496308598 0.20365596277750037
0 0.9586821900055373 0.21185748966542697 0.08263561998892541 0.16999147642635143
0 0.183122183065707 0.03940494830458892 0.194369366131414 0.07880989660917784
0 0.35930395126430426 0.041907056038637265 0.22485790252860854 0.08381411207727453
0 0.5585122092838688 0.062050428040709246 0.2732744185677376 0.12410085608141849
0 0.7627281423495758 0.08542688492705205 0.2704893800110746 0.1708537698541041
0 0.912208905767811 0.10370254136083805 0.17558218846437795 0.1724315798171736