0 0.25615853390677157 0.8872742527777773 0.3936084488975696 0.220244757862681
0 0.22864721048416725 0.6801323812476923 0.42180879692145856 0.3593468306570703
0 0.16259875750253508 0.3972185541343666 0.3141417672861809 0.3586878917312669
0 0.1600322294827779 0.15248704503506788 0.31890069604777804 0.2950259099298642
0 0.572200454784584 0.817729204198965 0.5302746071419447 0.3272933991325225
0 0.845792463999549 0.8260681261627886 0.30841507200090207 0.22092707587670796
0 0.5255754554501741 0.596163887264672 0.49335648860083375 0.3498902899409389
0 0.8379052691860419 0.6404810795865611 0.3241894616279161 0.2653779827242534
0 0.810232251234271 0.43192690238095033 0.3795354975314581 0.30764462831303163
0 0.5115622811538892 0.33025828501291865 0.5083294848011114 0.45694132633813345
0 0.759651676196146 0.17749933336101814 0.43009407560680585 0.3549986667220363
0 0.4588502827694098 0.10470968152454752 0.4802005655388196 0.20941936304909503
0 0.7581950129177778 0.03182648673864822 0.3820150258355556 0.06365297347729644