0 0.3046875 0.62109375 0.35703125 0.2203125
0 0.609375 0.6546875 0.36328125 0.1515625
0 0.45625 0.51484375 0.2359375 0.17578125
0 0.66796875 0.56484375 0.21015625 0.1796875
0 0.25625 0.4796875 0.36171875 0.24609375
0 0.49375 0.38515625 0.284375 0.24921875
0 0.66640625 0.41953125 0.3109375 0.41640625
0 0.30625 0.3296875 0.3828125 0.31171875
0 0.1125 0.33203125 0.0828125 0.19921875
0 0.22421875 0.16484375 0.27578125 0.225
0 0.47421875 0.16171875 0.23515625 0.1859375
0 0.6671875 0.2015625 0.2609375 0.25
0 0.21015625 0.07421875 0.2359375 0.1453125
0 0.42578125 0.05546875 0.23125 0.1078125
0 0.634375 0.0703125 0.25 0.12890625