0 0.18515625 0.89609375 0.3671875 0.2078125
0 0.19140625 0.65703125 0.38125 0.2890625
0 0.15234375 0.36328125 0.303125 0.3046875
0 0.17265625 0.11953125 0.34296875 0.23515625
0 0.50859375 0.86640625 0.4953125 0.2546875
0 0.815625 0.921875 0.36484375 0.15625
0 0.4953125 0.62890625 0.45625 0.265625
0 0.8234375 0.73515625 0.353125 0.20234375
0 0.8125 0.52265625 0.375 0.2390625
0 0.51953125 0.3640625 0.45703125 0.371875
0 0.7875 0.24609375 0.38671875 0.30859375
0 0.50546875 0.0984375 0.4546875 0.190625
0 0.81328125 0.05859375 0.36875 0.1109375