0 0.6065927956950458 0.8091911092950191 0.4485617402800903 0.24004530054229284
0 0.33125453969918983 0.6357455606976338 0.3519735306029618 0.17856237899751584
0 0.7342190279123656 0.6802888835937118 0.5304281703877141 0.22021458957351286
0 0.5389342990048147 0.5477950670423456 0.5026285020669146 0.1934975534691592
0 0.8808113141014079 0.5699412151721928 0.23837737179718416 0.18276808996629618
0 0.20797324338046225 0.5223693828081449 0.19597608767505648 0.1495374334486339
0 0.109238182793711 0.41588355435292196 0.1663955955329393 0.11812380698520072
0 0.36252800268608715 0.43472796136156366 0.39372438296032675 0.1694328186926656
0 0.7584043900943385 0.4198508324622437 0.48319121981132296 0.19664982454639812
0 0.17384003018867714 0.32642107855341884 0.32308224317557444 0.12840784289316237
0 0.5221854849034069 0.3056393832991242 0.4467038337461151 0.16661689090137255
0 0.8572282069887868 0.28021563984022774 0.2855435860224265 0.18604762607064967
0 0.09863451488719618 0.23855343989154143 0.18111306699689203 0.13226812021691717
0 0.3526113854415261 0.20503591618202394 0.38580487510244393 0.20062827653818785
0 0.7423245487999269 0.14962923605303985 0.5085531703877141 0.22008732454639807
0 0.05952916542531546 0.137190927791293 0.11178087014004516 0.11936814441741399
0 0.24353813833701024 0.09470292506081848 0.32675520678164427 0.17372943325224202
0 0.5975513961948931 0.06377563280814492 0.4607277923897861 0.12755126561628985
0 0.900819791356329 0.031988780741600345 0.16101458271265798 0.06397756148320069