0 0.08646494786426977 0.8835919756502708 0.17292989572853953 0.23167056006354408
0 0.24655935905476073 0.9552646038983295 0.2126272878817268 0.08172510714144465
0 0.38649870390400975 0.9325383957012242 0.22688097758022466 0.12254102191409721
0 0.45111905542121844 0.8768008644516361 0.23424668061464224 0.23188874837514684
0 0.6738231028458429 0.8627717719206878 0.3406242263722767 0.23530584902377
0 0.14574577133251354 0.8236209119332786 0.28542628546583076 0.30455468100470673
0 0.26720618315122435 0.8074583494341023 0.22152328213185085 0.2862762394466933
0 0.332017724366931 0.7111503652624149 0.16804785364324068 0.18548530681713338
0 0.4558379905777885 0.7425349586074376 0.22719945516044932 0.24112738068039513
0 0.5999386769423065 0.7166155665629566 0.252741589099373 0.22909103084255095
0 0.7012303678487525 0.7850598291448583 0.15953398091420468 0.13852848620028232
0 0.7923812684575756 0.7101359212720647 0.23877468394862192 0.24913079545304767
0 0.8017240596732822 0.6147961477331144 0.22238440940281484 0.23948306006354408
0 0.847419068008232 0.5710910121814552 0.23016495849442933 0.2583421542193456
0 0.05969476695976352 0.624335752435632 0.11938953391952704 0.1980944009729347
0 0.13969314362675347 0.6318288782480586 0.27938628725350695 0.2529921810047068
0 0.23106061543285644 0.5717078100668396 0.2206307197043169 0.19888533360249455
0 0.38228840452253127 0.601833866480231 0.16307356909549373 0.12454780681713337
0 0.43557277225059743 0.5798400896948698 0.19304785364324067 0.18592168344033871
0 0.5166949686170551 0.5035309598252534 0.26619805334367824 0.27925467207625304
0 0.6660412643746897 0.49936383685549596 0.21087282455550566 0.2704875982129911
0 0.7043699249854526 0.37387291315438986 0.24256910576927257 0.3147285219140972
0 0.7720833255942756 0.29935810836585147 0.2347885566776581 0.2958694277582959
0 0.8995550081657718 0.41025292370769667 0.14579021637033698 0.18041597727182862
0 0.8157373439311651 0.20419956696999364 0.24779873970819616 0.30233761606989856
0 0.8602845693853578 0.21278363434043376 0.216389500918084 0.24249896590774284
0 0.8821272316631106 0.0795867195644861 0.15819462152108804 0.1591734391289722
0 0.2858435813441515 0.5122413068204287 0.1722251706127025 0.17931712743398442
0 0.3523930946800711 0.4424276388013654 0.14231453000581898 0.1569512037328782
0 0.395728377560828 0.38940205032760683 0.15449553667377885 0.19148984496658022
0 0.5180338122583561 0.37244460105895555 0.20299642273873442 0.3077966834403387
0 0.5845674790780369 0.3314962727314667 0.12592425546001174 0.1473034683433748
0 0.6268822669597636 0.25274398133560894 0.14626870636839745 0.12893529788867958
0 0.03241453196267303 0.47026190706201465 0.06482906392534606 0.1969761858759707
0 0.09011539719025434 0.4479272110397742 0.18023079438050868 0.1891012305182395
0 0.16693382680222366 0.42070046347540613 0.20538835697722052 0.2033000982129911
0 0.25197824862287416 0.3536845129889388 0.2274228536432406 0.18652170129724627
0 0.2655303077164282 0.2832356452941871 0.16096893515657004 0.13699325973923263
0 0.3560754304454643 0.23484696388244322 0.1862557197043168 0.19828531574558708
0 0.44046627696170315 0.20450885308755037 0.20947007909743345 0.17684669236879252
0 0.5327333963567593 0.17325312459790582 0.25066890606883485 0.22281375730360065
0 0.6055648606010645 0.12205308888409087 0.18673420970237728 0.1468046363624381
0 0.7392221256039739 0.04957766558672656 0.14655574879205205 0.09915533117345313
0 0.030548885146871707 0.31804088798729113 0.061097770293743414 0.14516822402541774
0 0.09489829863257247 0.29116869642927756 0.18979659726514495 0.18641260714144486
0 0.1408170922641751 0.22456184902706533 0.2341193927329154 0.15387284253094827
0 0.20135572166117094 0.1423709119332786 0.19588581121958598 0.2015739569792891
0 0.2991234130266588 0.09151574959625819 0.2392214809142045 0.13991943668674964
0 0.37193903075472506 0.07041497849129219 0.1646041181871082 0.14082995698258438
0 0.46956332984633953 0.05228654139750546 0.1386157030344176 0.10457308279501092
0 0.5950097399980603 0.047253280845846284 0.21935552000387942 0.09450656169169257
0 0.01800082984633946 0.17616703368522008 0.03600165969267892 0.12579093262955982
0 0.07064746878623301 0.14167325689985885 0.14129493757246603 0.11352848620028229