0 0.44691500760224834 0.939170225246529 0.3084306444174141 0.11162288717321686
0 0.7358093359592754 0.905218370540716 0.31648858411256386 0.15394675486796885
0 0.9312242915653025 0.8556608810940229 0.13755141686939504 0.15248189204448082
0 0.12667068529534548 0.9564800507313487 0.11766928903121973 0.08485801542127547
0 0.2484093299091512 0.930915214693222 0.21169199980360826 0.1333694277582957
0 0.4136798059050461 0.8670867195644861 0.21485336123992677 0.13967397483619665
0 0.5676042366232054 0.8675252759778775 0.21328177088084707 0.13808420129724644
0 0.7391247126191003 0.8035876866933401 0.20238063231716552 0.14414328652459396
0 0.8929536945669234 0.7876199931067317 0.18981699980360825 0.13298759821299128
0 0.9746561289975159 0.7314597220034134 0.050687742004968325 0.12282957386326174
0 0.25794289031219736 0.8237066866900449 0.3261635659621911 0.20567289610167086
0 0.5060849536421099 0.7685889439969408 0.26345448770335983 0.16864445454365723
0 0.7525645230221464 0.6963109748427871 0.32143061416679297 0.19777857548481953
0 0.9399584212501896 0.6500284898603208 0.1200831574996208 0.1818421095770768
0 0.10053439041039325 0.7616039273545541 0.13676472267624523 0.14456029788867966
0 0.21742190856076588 0.7079959119332786 0.19292381908544903 0.12991714529089188
0 0.3875844176359522 0.6792418461876915 0.20861245159900638 0.14112738068039513
0 0.5639514749157405 0.642566186286303 0.22431017447164336 0.15390011606989873
0 0.7159361557320955 0.5781882662386449 0.20390677088084708 0.13792056006354408
0 0.8799486587571576 0.5667307946488592 0.18992608411256376 0.1517375982129911
0 0.9623101442210222 0.5136955235455409 0.07537971155795553 0.11855117694751698
0 0.16064012255460822 0.6175715093354908 0.30106357201231526 0.18804901947846525
0 0.44467877926866245 0.554795225246529 0.3527351563212707 0.2076990462638264
0 0.7675754029034252 0.4561808526838086 0.37924311416679296 0.1987876964259822
0 0.961228912371395 0.4098029103150161 0.07754217525721004 0.11701595048646726
0 0.10461231547121175 0.522445969968228 0.203934041958086 0.14260806006354407
0 0.2576009600850175 0.49633566315109456 0.2085942708808471 0.1380023806803953
0 0.4198691559284873 0.4536554651002593 0.19607609016268798 0.13465919236879248
0 0.586016330694718 0.406219583202048 0.1866738190854491 0.12980805113509053
0 0.749065776538188 0.3635257483817375 0.21310905405833439 0.10839670129724625
0 0.8965947615110732 0.33907339895093036 0.1818681444174139 0.10941373051823948
0 0.0565197282353901 0.4482778129062133 0.10865790339440447 0.14719437418757342
0 0.2288487253085239 0.38901408685220074 0.3464124334486337 0.19508995210802516
0 0.5206362495090208 0.31516393506848717 0.32917948165323563 0.18697744317957135
0 0.7953771742752516 0.2658325422132273 0.3103658491396784 0.17571266071216735
0 0.08855045735454298 0.3133300685882562 0.17430108411256368 0.15146486282348767
0 0.22187604176169423 0.2649044310080021 0.19771131303532483 0.14718646590774281
0 0.3851027496072166 0.25267934618769156 0.20398858411256365 0.15198306006354417
0 0.5347073189872532 0.18209233644845887 0.19461358411256366 0.15181941882984215
0 0.6854976593463328 0.18102293993975108 0.21658857806243947 0.16938874837514692
0 0.8485880118056608 0.14536035511944054 0.21649767447164336 0.15376374837514692
0 0.15414312021691717 0.17232719318286668 0.30735902380771335 0.19597061363426663
0 0.41166018354682965 0.1185212418839728 0.32323855386194256 0.2370424837679456
0 0.6879454275949013 0.07204872930371872 0.3415158551898026 0.14409745860743745
0 0.8854744125677867 0.047460012178159906 0.1146988251355733 0.09492002435631981