0 0.4484375 0.859375 0.603125 0.28125
0 0.50625 0.7359375 0.53828125 0.325
0 0.49375 0.63671875 0.521875 0.23046875
0 0.55625 0.50703125 0.50625 0.29296875
0 0.48359375 0.384375 0.54296875 0.234375
0 0.503125 0.2078125 0.4921875 0.26171875
0 0.40625 0.17265625 0.49375 0.34296875
0 0.12890625 0.78828125 0.25625 0.2796875
0 0.12265625 0.59609375 0.24296875 0.2375
0 0.153125 0.5125 0.30390625 0.21171875
0 0.15859375 0.3125 0.31484375 0.18515625
0 0.10078125 0.14375 0.19921875 0.25625
0 0.796875 0.759375 0.15625 0.22265625
0 0.8296875 0.575 0.14296875 0.16953125
0 0.82734375 0.48359375 0.14375 0.2203125
0 0.80859375 0.34296875 0.109375 0.16640625
0 0.79375 0.24296875 0.159375 0.19609375
0 0.73046875 0.07265625 0.153125 0.14296875
0 0.940625 0.55234375 0.07578125 0.13046875
0 0.88515625 0.10234375 0.1890625 0.14921875
0 0.8875 0.26171875 0.146875 0.21875
0 0.9359375 0.3921875 0.121875 0.1890625