0 0.04921875 0.7828125 0.09609375 0.22734375
0 0.1265625 0.60234375 0.25078125 0.24375
0 0.18359375 0.77109375 0.240625 0.2421875
0 0.3546875 0.775 0.2203125 0.23515625
0 0.52734375 0.778125 0.20703125 0.20390625
0 0.3109375 0.5671875 0.215625 0.2421875
0 0.5015625 0.6203125 0.203125 0.253125
0 0.65859375 0.7078125 0.1609375 0.30859375
0 0.82578125 0.83046875 0.25625 0.20078125
0 0.19921875 0.40390625 0.1328125 0.15546875
0 0.31640625 0.41796875 0.1828125 0.13203125
0 0.43125 0.3671875 0.1359375 0.1484375
0 0.475 0.453125 0.15 0.16640625
0 0.59375 0.5234375 0.20234375 0.18125
0 0.62578125 0.39140625 0.1578125 0.103125
0 0.7875 0.49296875 0.23515625 0.178125
0 0.85078125 0.64140625 0.27421875 0.19609375
0 0.93984375 0.7453125 0.11875 0.1828125
0 0.928125 0.5203125 0.1421875 0.1453125
0 0.88515625 0.3734375 0.12890625 0.16953125