0 0.17360824745381265 0.8913004132783682 0.3287078973583625 0.19197582655673634
0 0.46007300612663055 0.9363583401401044 0.29062609468490824 0.12728331971979118
0 0.760254819462085 0.9551473205728127 0.3465124680139994 0.0897053588543745
0 0.27962134277526773 0.8062915932742364 0.4500203707033619 0.2807136310776393
0 0.5224082794398133 0.7963217537028129 0.349693106699544 0.25026110524208356
0 0.7555213187857672 0.8946910909931256 0.428689716024817 0.19274085239229208
0 0.833191238104677 0.7902776543477439 0.31355561203054416 0.23223715064493078
0 0.26707479475649587 0.6677557701359724 0.4420624200349984 0.2680317931217367
0 0.597279915420087 0.6527912656706603 0.31152039735836257 0.19157578305375011
0 0.8512331537038392 0.681375433033091 0.2975336925923216 0.23503484232430588
0 0.2823168920671333 0.5009683136389586 0.3714953813653622 0.24452025151861143
0 0.5810816560709513 0.536039523554445 0.39491470003181667 0.24350326538631978
0 0.8521363066915898 0.523690219602223 0.29572738661682046 0.28042007750666703
0 0.6022924900540885 0.41234810362656305 0.26807948002863496 0.2171199905006947
0 0.3100680800445434 0.33525304787138915 0.4141374147039983 0.2845646764804865
0 0.6253016340308623 0.24183623508545188 0.33394083736472596 0.23895992933027807
0 0.8221209953453176 0.31442366916538267 0.3557580093093648 0.2458281783803476
0 0.30500676802195353 0.16877406268902803 0.3647363040260897 0.2006247811538892
0 0.32119429467695404 0.08323660619201415 0.3830135893539081 0.1604361922480559
0 0.6534982646801357 0.1144022193178825 0.3319965293602715 0.2061110617390975
0 0.8455306760025454 0.16811236682868128 0.3089386479949092 0.22907578305375026