0 0.4810772567969316 0.8436960630694751 0.6484735700708949 0.3126078738610499
0 0.5216688160472739 0.7636555784309677 0.5945877036152745 0.43863246260359967
0 0.4963398586045688 0.6659237337208742 0.5605643931112908 0.34149985737016275
0 0.5425281999873647 0.5308808757860142 0.5560420291629526 0.4005108363234754
0 0.4543271695042638 0.41540081797821105 0.5826667136444043 0.3505864310335687
0 0.450893595605938 0.23755653903901583 0.5363372829238765 0.3666062731834131
0 0.3504533264056081 0.21996794966118158 0.5522183471887837 0.4299253205384598
0 0.1536198465303749 0.8430520499858826 0.30605874953778156 0.3138959000282348
0 0.13269869932729061 0.6621877288121383 0.26539739865458123 0.2879829313159174
0 0.15613502507282465 0.5750895472138723 0.3122700501456493 0.2751790944277445
0 0.14790263941687415 0.3767962603821694 0.2958052788337483 0.25046752076433876
0 0.08337478965430102 0.2158517841302799 0.16674957930860204 0.29420356826055977
0 0.812953045593303 0.7579263071019315 0.19615490063313823 0.2547616366622938
0 0.8222922563347131 0.5714350702561111 0.17268865690134447 0.19880006299888783
0 0.8085001924655174 0.4806357650085567 0.1835639724198928 0.250908594568919
0 0.7718305697416906 0.3423321282050886 0.13964883636823106 0.189076452503779
0 0.7441805943522969 0.24368252560248757 0.1938649749271754 0.22967063140062188
0 0.6583376857350928 0.10094972305635623 0.1770746285298145 0.13510158404557523
0 0.9297015910535915 0.5377796780497969 0.09940426959604132 0.14617632096198285
0 0.8152325434152248 0.11478325185437706 0.21328491316955045 0.14656970506402778
0 0.8393794340857401 0.25314009656447034 0.18664350831327034 0.24952810509226264
0 0.9046059658224823 0.3782380780780317 0.156001262074194 0.21498650512049755