0 0.0640625 0.77734375 0.12578125 0.19375
0 0.1609375 0.79609375 0.0859375 0.14375
0 0.25078125 0.825 0.12734375 0.115625
0 0.37421875 0.79375 0.11796875 0.1546875
0 0.490625 0.78046875 0.1203125 0.1390625
0 0.59765625 0.7796875 0.140625 0.15859375
0 0.70234375 0.8109375 0.1046875 0.12265625
0 0.81328125 0.8015625 0.1296875 0.13359375
0 0.91484375 0.80703125 0.1 0.13359375
0 0.04609375 0.64609375 0.08984375 0.09609375
0 0.15234375 0.6390625 0.12734375 0.103125
0 0.2125 0.71640625 0.08515625 0.12890625
0 0.29765625 0.7140625 0.09921875 0.09453125
0 0.41328125 0.69375 0.128125 0.10078125
0 0.51328125 0.6734375 0.11171875 0.09921875
0 0.62109375 0.67109375 0.1140625 0.0796875
0 0.73984375 0.6984375 0.11875 0.1140625
0 0.85703125 0.7 0.11796875 0.09921875
0 0.9546875 0.69453125 0.08984375 0.109375
0 0.26953125 0.62421875 0.0953125 0.09140625
0 0.359375 0.63671875 0.11328125 0.12109375
0 0.465625 0.6125 0.09296875 0.08828125
0 0.553125 0.62109375 0.084375 0.08515625
0 0.6375 0.61875 0.10078125 0.12421875
0 0.72734375 0.63671875 0.0921875 0.05546875
0 0.81015625 0.571875 0.11328125 0.2265625
0 0.91484375 0.5578125 0.1390625 0.21328125
0 0.05234375 0.54140625 0.1 0.19453125
0 0.15078125 0.546875 0.11796875 0.19453125
0 0.25703125 0.5296875 0.11171875 0.15703125
0 0.3609375 0.525 0.128125 0.16171875
0 0.47734375 0.50859375 0.11484375 0.16796875
0 0.58671875 0.50859375 0.13515625 0.14375
0 0.70234375 0.51796875 0.12109375 0.184375
0 0.06796875 0.4015625 0.09609375 0.1140625
0 0.165625 0.3984375 0.1046875 0.15859375
0 0.265625 0.3796875 0.103125 0.140625
0 0.371875 0.36484375 0.15234375 0.15703125
0 0.5 0.371875 0.1078125 0.12578125
0 0.62109375 0.375 0.14765625 0.153125
0 0.7671875 0.3859375 0.146875 0.16640625
0 0.88828125 0.39765625 0.109375 0.12578125
0 0.96796875 0.38671875 0.0640625 0.15
0 0.08984375 0.30546875 0.11328125 0.16171875
0 0.196875 0.2796875 0.1078125 0.1484375
0 0.29921875 0.259375 0.109375 0.146875
0 0.41171875 0.26015625 0.14375 0.15703125
0 0.5515625 0.2796875 0.153125 0.12421875
0 0.690625 0.27734375 0.13828125 0.1109375
0 0.82265625 0.28203125 0.13515625 0.12578125
0 0.93359375 0.28515625 0.1109375 0.13203125
0 0.01875 0.3015625 0.0359375 0.1171875
0 0.015625 0.17265625 0.02890625 0.13828125
0 0.096875 0.171875 0.140625 0.115625
0 0.2328125 0.1546875 0.19765625 0.1140625
0 0.38203125 0.1484375 0.09765625 0.09296875
0 0.47265625 0.15703125 0.10078125 0.146875
0 0.56015625 0.16953125 0.13203125 0.13515625
0 0.6796875 0.171875 0.15 0.12109375
0 0.8078125 0.1984375 0.11796875 0.10078125
0 0.9078125 0.17578125 0.08984375 0.1015625
0 0.978125 0.18515625 0.04375 0.1390625
0 0.7421875 0.10859375 0.0609375 0.09140625
0 0.81328125 0.09375 0.1328125 0.1515625
0 0.93203125 0.0859375 0.121875 0.1453125