0 0.30594777984886806 0.81151765860089 0.2898968181810801 0.3267980562435249
0 0.1574848671402834 0.5513164050862331 0.167674337402957 0.4037158130679506
0 0.23752092718076315 0.6509033362273143 0.1616766429208809 0.378497489246633
0 0.3550968515364512 0.5745485055815713 0.170341234734852 0.24641273531769164
0 0.3001526447299033 0.4332663800648426 0.142796088873295 0.22642556699689212
0 0.4489607954527003 0.8041504224546288 0.13834096223361486 0.29012419396136274
0 0.5575136018751354 0.808427007648486 0.18907794662978256 0.3065154813887502
0 0.48084712403768837 0.5352035233642516 0.18354499886834627 0.40913105913900905
0 0.4124235933958508 0.359781838294229 0.1856873530067892 0.3905266083532209
0 0.5914582389187235 0.16237395305759067 0.22701395861557022 0.1976156703877142
0 0.6412612443457905 0.3096513674494489 0.24672667231952303 0.30608314185166685
0 0.5487616423550541 0.5968174195591447 0.13522260628614954 0.26036391935425696
0 0.6705060883074682 0.45129521194893074 0.2192634136130959 0.28765847353086726
0 0.6733831840781681 0.6400302262169545 0.19468613749381394 0.23507712903138528
0 0.682339861486074 0.8385895808506308 0.19638583559393474 0.32282083829873826
0 0.8557707174335392 0.8716611000810532 0.24639912369900402 0.2566777998378935
0 0.796407926276252 0.6527742828747642 0.32698738240543135 0.32073214681406553
0 0.9524244736535756 0.8943773161683225 0.09515105269284874 0.21124536766335494
0 0.9570483576429162 0.7296386515670674 0.08590328471416768 0.21290672249741008
0 0.7852845612836752 0.381044832088976 0.2555218181810801 0.3251970148871962
0 0.8957838907731744 0.4383565260503387 0.20843221845365117 0.41018844499482016