0 0.07421875 0.64140625 0.1453125 0.13515625
0 0.196875 0.68984375 0.16796875 0.15625
0 0.315625 0.7265625 0.1703125 0.115625
0 0.4390625 0.765625 0.184375 0.1125
0 0.62421875 0.8078125 0.353125 0.1765625
0 0.1046875 0.54765625 0.20703125 0.1546875
0 0.209375 0.49140625 0.15234375 0.13203125
0 0.26328125 0.60390625 0.159375 0.1015625
0 0.365625 0.6703125 0.1578125 0.1109375
0 0.58515625 0.70859375 0.36171875 0.16953125
0 0.0828125 0.4296875 0.16171875 0.12421875
0 0.31875 0.5390625 0.17890625 0.18125
0 0.4328125 0.55390625 0.18828125 0.1515625
0 0.65234375 0.5609375 0.38125 0.215625
0 0.81640625 0.6796875 0.1828125 0.11875
0 0.8953125 0.73125 0.20703125 0.17109375
0 0.92421875 0.6125 0.15 0.09140625
0 0.89609375 0.50859375 0.2078125 0.21015625
0 0.11796875 0.34765625 0.234375 0.17109375
0 0.2765625 0.3953125 0.1171875 0.0796875
0 0.3671875 0.41953125 0.18203125 0.1015625
0 0.59375 0.421875 0.37265625 0.13671875
0 0.821875 0.428125 0.13984375 0.09765625
0 0.91171875 0.37421875 0.16796875 0.0796875
0 0.1453125 0.21484375 0.27578125 0.13359375
0 0.2453125 0.27421875 0.26171875 0.15625
0 0.3484375 0.2953125 0.2546875 0.153125
0 0.4609375 0.3171875 0.23828125 0.16328125
0 0.659375 0.3140625 0.35 0.1421875
0 0.8390625 0.265625 0.29765625 0.13515625
0 0.3671875 0.13125 0.36328125 0.12421875