0 0.0945149815291607 0.25425413147120907 0.18338672075521317 0.3466915314288568
0 0.223599752899785 0.20762830240495694 0.24655049420042996 0.4001497313723871
0 0.3809036900373119 0.19246457594130595 0.2850676199253762 0.35416937343752697
0 0.45663647323079093 0.2596513469174062 0.23921159088108207 0.4059447050640278
0 0.6096789628578287 0.24894760729957555 0.20483474565032242 0.30127261561560637
0 0.759857484228453 0.20355034926589344 0.27708825394869213 0.2899248629141832
0 0.8298595630629657 0.35672012287282956 0.268732224904398 0.3438843208208084
0 0.8798334844289457 0.4945988254471958 0.1977093298834199 0.3304140840455752
0 0.17604563359910874 0.45203845506402784 0.18452040041956286 0.19741957352223163
0 0.30613679791611875 0.3921313759977757 0.19962518216314945 0.2325226156156063
0 0.5139726087039994 0.4246385810618035 0.19455917386477956 0.247783594568919