0 0.0594361476444604 0.8799142380961433 0.0941850346004111 0.16457156010845858
0 0.22628274943134633 0.7914642955723232 0.3881498933073792 0.28656577653818793
0 0.448762585895193 0.7753297145830176 0.23046472729976805 0.2887726502711464
0 0.579853418404707 0.7784723744203296 0.16009387749004844 0.2102567648307229
0 0.7009962479484716 0.7957320764121194 0.21089237353571572 0.1918067466803503
0 0.8581176812562884 0.7159304260427771 0.19803954646340927 0.22141243344863373
0 0.9430020172258434 0.7029395466524777 0.06471771049385425 0.20813975292686634
0 0.0697534720539348 0.7306863977370638 0.1395069441078696 0.142996541958086
0 0.04173723070403758 0.6559091115345144 0.08347446140807516 0.15681360226293642
0 0.03756237250995154 0.5223880844071512 0.07512474501990309 0.2083488311856975
0 0.11496188334718542 0.5523250484009937 0.20259439528454562 0.29485902380771345
0 0.25470086258693875 0.6499262353656687 0.15452035672980183 0.11181017447164336
0 0.3937288704956042 0.6116262837666625 0.1716096976422728 0.14783857806243947
0 0.5511421224727705 0.6013377026791609 0.21047587946721472 0.21992265632127078
0 0.6312633625869387 0.647735458827481 0.14593853558899425 0.169559041958086
0 0.6937872203053237 0.5317741155415351 0.15461319863085593 0.15242608411256367
0 0.7470156965793275 0.6439377722555892 0.1523503616727176 0.13522949375348398
0 0.8175748887843929 0.5224622271742453 0.18401153855474384 0.18383971057599685
0 0.8818018734613536 0.5947275917338217 0.16829369665368965 0.14313289734428025
0 0.9299913171492937 0.4663526068591322 0.10703786167271759 0.13496587334017515
0 0.24372355330912931 0.535954638956465 0.21512357018940537 0.3339851563212706
0 0.3827979821683218 0.47734673253699844 0.22628656326932317 0.3012453791939077
0 0.5291291541074321 0.451501329142594 0.22265222729976805 0.28872719847574846
0 0.6622281555903069 0.4436973986208265 0.22759439528454556 0.29500446955298726
0 0.8026740834609161 0.38976790184228033 0.23052839429596253 0.29033515027114654
0 0.918374679316303 0.329733850809008 0.1391738824329643 0.23356699980360834
0 0.0408730563120599 0.34660683440715123 0.0817461126241198 0.18178633118569748
0 0.11867842684484509 0.34610231947823256 0.1825763725471326 0.18695562021691714
0 0.25745176676873294 0.31405236787922614 0.19233337452429894 0.1963851623713948
0 0.396097772700232 0.28512741628021976 0.1585658695813831 0.17275676483072291
0 0.5261181951336338 0.2570337116561513 0.1909273834215476 0.23855448165323567
0 0.649807704525174 0.21179341364794113 0.18091571345960364 0.22287493949875792
0 0.7892177144110057 0.16411846204893477 0.24755938539871386 0.2482567345801019
0 0.9077594673767553 0.14936963993842362 0.08599053262324503 0.1551511083130605
0 0.02390307361226545 0.1928187590751863 0.0478061472245309 0.20186248184962738
0 0.1180191588403832 0.1922415212736306 0.2360383176807664 0.23882719242562417
0 0.27451854444906176 0.18273419018612902 0.1727848784786316 0.21501698770335986
0 0.407568466388172 0.1569660548439013 0.1989308844101306 0.24328743344863374
0 0.542641144753073 0.10256996721529618 0.18346771049385407 0.20513993443059236
0 0.674877983194086 0.07797396731349206 0.184619033611828 0.1559479346269841
0 0.821449235665544 0.06588251259122772 0.21960152866891214 0.13176502518245545