0 0.03743222159308098 0.7505312651253104 0.07486444318616196 0.23331246974937905
0 0.12267602069957655 0.575044930914551 0.2453520413991531 0.26241013817089803
0 0.15256097484278713 0.7474739219375606 0.26075013392680607 0.2593033188890573
0 0.32260073945328377 0.7621080727978822 0.24030126623205436 0.2513726442210224
0 0.4942030040637803 0.7767331332991242 0.22410352191409727 0.21846924063022613
0 0.2973627804421045 0.552119994440855 0.2357228603878557 0.2575953731437835
0 0.48214115503671506 0.6174444917103805 0.22497627516050808 0.26846924063022615
0 0.6312041720828436 0.7150047720591975 0.18837630194586943 0.3198135720123153
0 0.7866847845025895 0.8476803957921561 0.2741307954530475 0.22032263212077402
0 0.20034923295716672 0.38160802742195066 0.14661372158978575 0.16489881303532483
0 0.3155787666423867 0.40359159085005897 0.1946966655834313 0.14486811416679296
0 0.43429753896352113 0.35993651873954785 0.14806712743398442 0.15865790339440444
0 0.47024294724335175 0.448780850121637 0.16401940990138844 0.17749880698520054
0 0.5829417702958347 0.5262422539088248 0.21747169236879244 0.1965578791939077
0 0.6258168372592378 0.3970996545727548 0.1660534683433749 0.11501698770335995
0 0.7785406424548134 0.5086997090238727 0.25025691882984197 0.1951862767345796
0 0.8282252224071552 0.6607389319947055 0.29123647483619663 0.21573512607064965
0 0.9083336879111563 0.7704179381430255 0.1345773717519414 0.19138859016268786
0 0.9154133510589556 0.5438372574248663 0.15270008035608384 0.15556017447164336
0 0.8859730872592377 0.39558610978599845 0.14373418344033873 0.1789431323171657