0 0.03930242895222199 0.5924913368881727 0.07860485790444398 0.0956302893919517
0 0.12364460097058982 0.5537557896037132 0.12104115824437507 0.10535389988706054
0 0.23053103381624956 0.5202236818100274 0.11787979065319457 0.10360938936371689
0 0.3270066435236454 0.49822060821720876 0.10338087955902786 0.08404034200867017
0 0.3977919222089926 0.4738128714419755 0.07667290919430565 0.07624325256024882
0 0.4694130022811107 0.44701588203590636 0.08274107123840277 0.06879477360693613
0 0.5293335161488191 0.4201201820923762 0.09393314437666671 0.08036931043863907
0 0.5828221920606247 0.40140100319553335 0.07354790919430557 0.07606124203690504
0 0.6424699489944787 0.38622405325200304 0.06566267401194459 0.07248121572854585
0 0.6864745221327426 0.37273840592519125 0.044986498100139015 0.05567314732681172
0 0.7202682938842357 0.36218804279924643 0.052908100873680655 0.06081567363517095
0 0.7611296832269094 0.34966565599577837 0.04974673328249999 0.05907116311182729
0 0.7925433373872218 0.3408143007623414 0.04476829255305574 0.04629814732681181
0 0.8483939470946178 0.3211773639729908 0.06824216014423605 0.0492257262518895
0 0.9010468216196525 0.3048474377069838 0.046403527735416714 0.04951415258848364
0 0.9348951447579165 0.2919533245810391 0.054325130508958354 0.05465667889684287
0 0.017110192344965077 0.5252429237057582 0.034220384689930154 0.10263915258848363
0 0.06627504416857621 0.47945301059393086 0.13255008833715243 0.14734397881213823
0 0.18111356848552043 0.46458760281436257 0.139137848023889 0.14541745776545092
0 0.289417030966458 0.437214489759005 0.1592685100679862 0.13878802616718494
0 0.36032959622093713 0.4073380029837718 0.09891158510611123 0.09314232622365463
0 0.4327858244694441 0.4117000083160308 0.10072865824437507 0.1041708314853265
0 0.48275011008864543 0.37680209257336755 0.08157861474138883 0.08589126834526421
0 0.5385643522048608 0.3587276557840169 0.09898432028847229 0.0962673262236546
0 0.6050797049784025 0.3501724321629633 0.06911498233256949 0.0867257262518895
0 0.6579507850505205 0.32446750589695633 0.08448540919430556 0.07669827886860806
0 0.708895689210833 0.31447858489262126 0.07376611474138883 0.08543624203690499
0 0.7458144609623261 0.3037462112433328 0.06082970364722229 0.06595819994353028
0 0.7764104975314581 0.2965028586407318 0.0641365416031249 0.07395271046687402
0 0.8184525271667358 0.30029571657559184 0.04367857123840295 0.06651964206513998
0 0.8322429234432637 0.2776471718513811 0.05937630642076393 0.07055469468185845
0 0.8674719086256246 0.27247455346376453 0.0591581008736803 0.061179694681858444
0 0.8988855627859372 0.26362319823032754 0.05276263050895835 0.05456567363517095
0 0.9411094303771177 0.2596035561651876 0.062137630508958354 0.0551117052052021
0 0.03642454321864568 0.39529011319653196 0.07284908643729136 0.07816977360693614
0 0.08042911635690958 0.39196071586972014 0.16085823271381916 0.12545356826055976
0 0.19416038877399272 0.37332556598265965 0.18379573138263897 0.11993161035393447
0 0.31229279293430523 0.359423418726435 0.11108427678548623 0.07980786831702939
0 0.37958939570784694 0.3508226924745455 0.10799564437666671 0.08118835779368574
0 0.426864439210833 0.33090503462439 0.09233427678548618 0.07871580517696727
0 0.4833690123490969 0.3166913452042035 0.05901263050895835 0.054929694681858446
0 0.5774826882609025 0.29560602950389253 0.13433993882958345 0.07336044724210718
0 0.6803537683330205 0.26698893486438646 0.0964762629177777 0.055551320961982856
0 0.7587151576756942 0.25228242178079396 0.06827852773541672 0.0507882262518895
0 0.8082612159963192 0.2353532560381307 0.05893989532659738 0.05180469468185844
0 0.8890936419081246 0.2150414850620305 0.10919446846486096 0.06565436305535757
0 0.9564084284772566 0.205659508810141 0.03553876291777769 0.05200211575678067