0 0.040625 0.54765625 0.07734375 0.0828125
0 0.13203125 0.5234375 0.11015625 0.08671875
0 0.240625 0.50703125 0.10703125 0.08671875
0 0.33828125 0.50078125 0.0953125 0.06875
0 0.41015625 0.48828125 0.06875 0.06484375
0 0.4828125 0.4734375 0.075 0.05703125
0 0.54453125 0.45625 0.08515625 0.0671875
0 0.59921875 0.44609375 0.065625 0.06484375
0 0.659375 0.440625 0.0578125 0.06328125
0 0.70390625 0.434375 0.03828125 0.04921875
0 0.73828125 0.42890625 0.04609375 0.05390625
0 0.7796875 0.4234375 0.04375 0.05234375
0 0.81171875 0.41953125 0.03984375 0.0390625
0 0.86875 0.409375 0.06328125 0.0390625
0 0.921875 0.4015625 0.040625 0.0421875
0 0.95625 0.39375 0.04921875 0.04609375
0 0.02109375 0.4765625 0.03828125 0.09609375
0 0.07265625 0.4390625 0.13671875 0.12578125
0 0.19609375 0.44375 0.12421875 0.12578125
0 0.30546875 0.434375 0.1453125 0.115625
0 0.378125 0.415625 0.08984375 0.078125
0 0.45 0.43203125 0.08984375 0.08984375
0 0.50234375 0.40546875 0.071875 0.0734375
0 0.55859375 0.39609375 0.0890625 0.08125
0 0.625 0.3984375 0.06015625 0.0765625
0 0.6796875 0.38125 0.07578125 0.06484375
0 0.73125 0.3796875 0.0640625 0.075
0 0.76875 0.375 0.05390625 0.05703125
0 0.79921875 0.37265625 0.05625 0.06484375
0 0.840625 0.38359375 0.03671875 0.06015625
0 0.85625 0.36328125 0.05234375 0.06171875
0 0.89140625 0.36328125 0.053125 0.05234375
0 0.9234375 0.36015625 0.046875 0.04765625
0 0.965625 0.3625 0.05625 0.0453125
0 0.046875 0.35 0.090625 0.06484375
0 0.09609375 0.35390625 0.16171875 0.09921875
0 0.21640625 0.3546875 0.17265625 0.09140625
0 0.33515625 0.36015625 0.103125 0.06328125
0 0.40234375 0.3625 0.09921875 0.065625
0 0.45078125 0.35 0.084375 0.06484375
0 0.5078125 0.3453125 0.053125 0.04609375
0 0.60234375 0.33984375 0.12734375 0.05234375
0 0.70703125 0.32734375 0.0921875 0.040625
0 0.78515625 0.32578125 0.0640625 0.040625
0 0.8359375 0.3171875 0.05390625 0.04375
0 0.9171875 0.309375 0.10390625 0.04921875
0 0.98515625 0.31171875 0.02890625 0.04765625