0 0.27632731098298535 0.8568393030157413 0.4429551386770836 0.27265129029259183
0 0.0945442081125345 0.671651533129028 0.189088416225069 0.306696933741944
0 0.2185369140408675 0.6599635944861115 0.2852153738594446 0.2619694855799068
0 0.36528201463020765 0.786684044957223 0.43950413677722244 0.3253661871823141
0 0.5608834957285062 0.857672613807177 0.2558175081681252 0.20482136691824024
0 0.5985497627303467 0.7132589409984733 0.22445971181534752 0.2644506451462959
0 0.4020767658644786 0.6127195731852786 0.4767508700597226 0.38476031102777686
0 0.19277907351951357 0.39323471573967633 0.20389263867708354 0.25173603166842556
0 0.3177238689223607 0.4181677822805562 0.22471297853284736 0.20833734618305505
0 0.5364900930868051 0.49882458557912146 0.36116093123013915 0.30915613534435127
0 0.2990310331506595 0.28336284679518575 0.2840165497712501 0.2774577845431477
0 0.4981582109623261 0.303365114090001 0.3694812710859029 0.26466384156490663
0 0.7053323184855205 0.413103824645881 0.24927787385944472 0.25882536173444404
0 0.7218262214115618 0.5753892111680107 0.19426306553881964 0.23997832544787007
0 0.7306141142696173 0.8677722008004182 0.2109037452503472 0.1509937378889809
0 0.7893552942654856 0.7558197134770849 0.31624847473312523 0.32237930527833286
0 0.8627973667381592 0.5147169683780572 0.2534575340036806 0.30441126380796246