0 0.25656260500224376 0.9157638266256484 0.21030072780418313 0.1534352327051849
0 0.3906658404800967 0.9315563390194914 0.20459425684847724 0.0986110316684254
0 0.1432580442143631 0.9461238528274538 0.10565984937994446 0.10392466531583296
0 0.1369712328017825 0.8735359533458334 0.10570647095570584 0.06357306738935158
0 0.37680332740784217 0.8627769447216673 0.20516294191141168 0.12659933063166626
0 0.5223652037574883 0.8948684003765749 0.2049261435710857 0.12347433063166627
0 0.6676534703542278 0.8507001524028253 0.20996884108157482 0.12857193374194403
0 0.5308037431747448 0.8194193410457415 0.2021796518694554 0.10771262959490713
0 0.7007018460791741 0.7990501780389827 0.19900803029369385 0.14779082544786987
0 0.8808512873658858 0.7998041593300479 0.21022895020978147 0.11152113477870333
0 0.968236240051245 0.7569735274260665 0.06352751989751013 0.10767438190398124
0 0.8636386313472455 0.7179485665873626 0.21011055103961845 0.10995863477870316
0 0.9572269624568435 0.6779695326098629 0.08554607508631307 0.11841639227157366
0 0.17819896143115818 0.8156653732798151 0.19877123195336796 0.14466582544786996
0 0.31547381848477246 0.7902860815266208 0.18295605518880328 0.09982221715379609
0 0.48053013342183803 0.7475340705933805 0.2127386435710857 0.12415783581546265
0 0.6640171396456154 0.7196845982557882 0.1954560551888033 0.10091582544787006
0 0.831452170764502 0.6460537342122701 0.1853240385920639 0.13107221715379608
0 0.9547997794685014 0.602969532609863 0.09040044106299731 0.09654139227157366
0 0.172976819934665 0.7052357212062965 0.2053046518694554 0.10798603166842557
0 0.31820680956170283 0.712190475824445 0.20303175684847724 0.09847433063166626
0 0.47154437449876835 0.6704637226668989 0.15004846680652087 0.0752131964186109
0 0.6426497798927087 0.6452703586233808 0.20783765601864027 0.10044693374194402
0 0.14628242013980203 0.6124132341657873 0.18144202199532425 0.16177541300675885
0 0.32189864939387763 0.6363702696038894 0.1782685551888033 0.09941211404351816
0 0.4906719601817583 0.6011573565971304 0.2033869543589663 0.10316183063166626
0 0.6680749097668398 0.586423038924955 0.17227866431700994 0.0818145109332404
0 0.8266094601817583 0.5717666336938904 0.20405072780418293 0.15288842855814783
0 0.9395882539486923 0.5204010403855573 0.1208234921026154 0.11577940782296263
0 0.3593259491840962 0.5387242900562507 0.30630031203728053 0.1913247949107401
0 0.5734709595570584 0.5003282969834733 0.319013799589726 0.21571920216805504
0 0.8017852137062433 0.4724890950982422 0.20284342531467212 0.1574392275213885
0 0.9432451275990459 0.4354108857201407 0.11350974480190815 0.12392409849212935
0 0.14222095955705838 0.538057783129028 0.21363921535662844 0.17700943374194403
0 0.3079392027085811 0.4417706690855098 0.19761055103961844 0.10886502648462933
0 0.4747589271887719 0.3807765060787508 0.20693892946385706 0.15003683063166626
0 0.6258128643262989 0.3919403070682419 0.1989129419114118 0.1260525264846292
0 0.8001500134964619 0.3782606414695848 0.1870767153566284 0.1746855161170367
0 0.9342185747971851 0.35158268986717767 0.13156285040562993 0.12331850574944418
0 0.14033730561301055 0.45092893001875023 0.22123822780418306 0.15439213996249954
0 0.1334818091374955 0.3500793295003706 0.22410311867597638 0.17171634099925887
0 0.18745706888575778 0.2321112880300003 0.26205340456874776 0.2014229648447218
0 0.31680379461534847 0.3615657592362968 0.20035704274124858 0.12462672752138851
0 0.47125357365964254 0.29300310400523233 0.18364313942190083 0.1293730161170367
0 0.6186380591374956 0.30763365758662153 0.2019913203356502 0.16667752648462927
0 0.7835526641165174 0.28376834769014037 0.18312292116548717 0.16347461404351823
0 0.9192084201281912 0.274687999198011 0.1615831597436177 0.12197061922731445
0 0.29798109440556697 0.26884101701199126 0.18960971950581323 0.16714641819055523
0 0.45623037967363855 0.188149508670649 0.1962149170163024 0.17238072233759225
0 0.6109304576829586 0.21629575810500112 0.18300452199532416 0.16191211404351818
0 0.3893137215804058 0.11457459910425997 0.2332413203356504 0.16941154721981438
0 0.5677939190908948 0.10367818091370477 0.2046194128671175 0.1808767275213885
0 0.7250260786340201 0.07444204135219967 0.182412526144509 0.14888408270439935
0 0.7587284176410023 0.18449080909449217 0.16643232863402027 0.14804510367592566
0 0.8922154238647796 0.16101576993319613 0.2148232070582587 0.19263443374194403
0 0.5979298597529066 0.055617847078009694 0.27398471950581327 0.11123569415601939
0 0.8031977002097814 0.06285556569240809 0.19389540041956294 0.12571113138481618