0 0.5076182000590114 0.9366011554914927 0.31524222376899796 0.1134144154625698
0 0.7946593781512693 0.9009669011230897 0.32600476114786475 0.15578375341847278
0 0.9567677141337423 0.850254467043159 0.08646457173251534 0.15330945079743055
0 0.18812515488647444 0.9557752616835067 0.12297831411407194 0.08554006933854197
0 0.3083612452315484 0.9295010895714235 0.22000613342392406 0.1345971248093754
0 0.46972508012874076 0.8647086249062843 0.22356817599857096 0.14091985999173637
0 0.6238498514160643 0.8642514171749995 0.22189641535490914 0.1393209924005557
0 0.7914636863132566 0.7993134821451383 0.21139595792955604 0.14531641926229177
0 0.922687827065085 0.7824500244138534 0.15462434586982993 0.13408797853284754
0 0.9966935916055817 0.7257986744901033 0.00661281678883654 0.1231478656913195
0 0.31103314114071956 0.8222334502287498 0.3389853623887021 0.20756445896555595
0 0.5559196702217132 0.7656697532310413 0.2739723675844822 0.17017225531833358
0 0.7980418322224277 0.6919549238245132 0.33375155917039334 0.19964285619201405
0 0.95843983875559 0.6445675114960755 0.08312032248881991 0.1825605397032639
0 0.14946757442875755 0.7610446431423957 0.14588021857321792 0.1453514804327085
0 0.2630494731879203 0.706754573803854 0.2010376121366005 0.1310357137152085
0 0.43155917256750165 0.6770092563651733 0.2174274366422327 0.14233688962701407
0 0.6057725687287744 0.6393059685617704 0.23392652179152656 0.15520056553881964
0 0.7538005233041358 0.574041378421666 0.21252141535490915 0.13910278685347244
0 0.908770479595032 0.5616290313477077 0.1824590408099361 0.15283797853284753
0 0.977435857192922 0.5081026814239575 0.04512828561415603 0.11900587955902786
0 0.2004077255337088 0.6166575570863541 0.31278349530842303 0.18979507750666685
0 0.4807400817182246 0.5522261554914927 0.36565712303236386 0.20974520801562518
0 0.7976765734203515 0.4517293141171175 0.3915640591703934 0.20098845706569474
0 0.9730490059520847 0.4042146152195478 0.05390198809583069 0.11747974715020834
0 0.1382194459485121 0.5218548565732638 0.21284919728589444 0.14379028685347245
0 0.2897055362935861 0.4948533326375692 0.21720891535490922 0.13921188962701408
0 0.4494193898802118 0.4512273531547913 0.20449039406758568 0.13579594889756966
0 0.6127117115358524 0.40282295469406204 0.19478761213660062 0.1308902433504862
0 0.7732068151224782 0.35917879141569387 0.21982046312533612 0.10963349240055571
0 0.9124967771133574 0.3338670540491312 0.17500644577328509 0.11046864057694457
0 0.08531868505274882 0.4479640681042708 0.11797373986054134 0.1478218637914584
0 0.25404155188092636 0.38769544927881927 0.3585330378830699 0.19709973765090308
0 0.5414215835598101 0.3121447097280551 0.3407992346647612 0.18888719414791694
0 0.8133076552154506 0.2612127636802771 0.32128441015912906 0.1775132830537503
0 0.10873476969783961 0.3128253486894791 0.18381726114786484 0.15247430262104178
0 0.2391053307098184 0.2636221696435415 0.20692697921687966 0.14833231648875017
0 0.401731016847848 0.2504467563651733 0.21350476114786474 0.15316528685347244
0 0.5469781788485625 0.17898671761183982 0.20412976114786474 0.15294708130638907
0 0.6978686894922242 0.1770397450629161 0.22720662822814397 0.17064372758291682
0 0.8588554659753278 0.1404268317845479 0.22611402179152656 0.15501872758291685
0 0.16536219209011432 0.17143597606430544 0.3195797985267317 0.19775304787138914
0 0.4196237211711079 0.11779371770555544 0.3382640965492602 0.23558743541111088
0 0.692853771539425 0.07054366365961784 0.35133254307885 0.14108732731923568
0 0.8889803725281606 0.045050088337152426 0.1217107450563212 0.09010017667430485