0 0.37364260214542855 0.6568335677179474 0.40267768728260195 0.27803474707143144
0 0.6795737377513422 0.6654060489720482 0.395630719704317 0.21078358007523726
0 0.5010664872923003 0.538998763383054 0.2728309484924896 0.21356638737588013
0 0.7193859236568183 0.5712541423559772 0.24795849425012406 0.21411021543676992
0 0.2970486669888585 0.519784553877783 0.41265846516238913 0.3049155820524035
0 0.5112550750145475 0.40626451783167816 0.33545823637421635 0.2939833992388783
0 0.688120463954441 0.4267083049035472 0.3962357239563808 0.46620590912471016
0 0.31567163698303957 0.36637039380167086 0.44626793274067406 0.3732490879839025
0 0.12558864198400937 0.3843206032697607 0.12321358576539318 0.2121418557412186
0 0.2015458798560378 0.2083257890490354 0.3224800042520638 0.2685377302655175
0 0.4464598960668953 0.18482325794584645 0.27359622303829684 0.22294138737588018
0 0.6446741265220579 0.20925154946633975 0.31189319061658194 0.2914658942959624
0 0.16933954454968653 0.11902586710992513 0.26572007909743345 0.183687886387297
0 0.3774232404571023 0.08312149509426517 0.25328398091420457 0.14580588441013068
0 0.5860169904571023 0.09162103908621644 0.27515898091420465 0.14669722235685217