0 0.12626036408806568 0.24370038158101295 0.1755001255080264 0.34301093393541643
0 0.24843525723608922 0.19148560635326947 0.23749551447217848 0.38297121270653894
0 0.4026347563315781 0.16492061715304268 0.27714451266315615 0.32984123430608536
0 0.4863789925367682 0.21547116634258523 0.2300105630926975 0.4010615361123347
0 0.6369179030976463 0.19064723721649224 0.19804351085413394 0.29700895317271014
0 0.7801865462456699 0.13680675231984368 0.2706621393028364 0.27361350463968737
0 0.8692158259829963 0.27723946852735276 0.2610281897323777 0.33819943756361354
0 0.9206510939616777 0.4095137659876148 0.1586978120766446 0.32636907095872497
0 0.23242623416902516 0.43253221388766533 0.18013895861557022 0.19344744355406326
0 0.3539050864984458 0.3609796177011969 0.19444047602842476 0.2282589531727101
0 0.5643446195151325 0.3739805815888622 0.18900934757972224 0.2436656983633867