0 0.1984375 0.92734375 0.340625 0.14453125
0 0.50390625 0.94296875 0.2765625 0.1140625
0 0.80546875 0.94140625 0.3328125 0.1171875
0 0.30859375 0.82578125 0.42265625 0.22109375
0 0.54765625 0.78046875 0.325 0.2046875
0 0.78984375 0.84453125 0.4140625 0.1328125
0 0.8546875 0.7296875 0.28984375 0.19140625
0 0.28125 0.68984375 0.4171875 0.2078125
0 0.60625 0.62734375 0.29296875 0.14921875
0 0.86171875 0.61875 0.27578125 0.19609375
0 0.27734375 0.521875 0.346875 0.19453125
0 0.57734375 0.51328125 0.371875 0.18984375
0 0.85546875 0.4609375 0.2890625 0.240625
0 0.584375 0.3875 0.2453125 0.18203125
0 0.28671875 0.353125 0.38515625 0.23046875
0 0.58828125 0.21484375 0.31015625 0.19453125
0 0.8125 0.25625 0.375 0.19296875
0 0.26328125 0.18828125 0.34609375 0.15078125
0 0.26796875 0.078125 0.365625 0.15390625
0 0.60234375 0.0828125 0.31171875 0.1625
0 0.82734375 0.10546875 0.3453125 0.18046875