0 0.19765625 0.9046875 0.3453125 0.178125
0 0.5421875 0.90234375 0.3640625 0.19453125
0 0.8484375 0.909375 0.29921875 0.18125
0 0.14609375 0.7078125 0.28828125 0.30546875
0 0.41875 0.68046875 0.403125 0.303125
0 0.76328125 0.7171875 0.296875 0.35546875
0 0.93359375 0.72265625 0.1328125 0.29375
0 0.225 0.425 0.42578125 0.2984375
0 0.5984375 0.41953125 0.340625 0.27890625
0 0.87734375 0.4453125 0.2453125 0.2578125
0 0.0828125 0.20859375 0.16328125 0.215625
0 0.31328125 0.16796875 0.37421875 0.24296875
0 0.6578125 0.19375 0.31875 0.27265625
0 0.8984375 0.2078125 0.203125 0.2875