0 0.04869349408094626 0.6010791152019793 0.09738698816189252 0.15096676959604133
0 0.127170598762957 0.6572261636317689 0.19515248758216436 0.1755863363682309
0 0.23896922603392096 0.7007368197416906 0.19027379788366644 0.13491587226160834
0 0.3544190117896158 0.7472588155850555 0.2042087521260319 0.13376254922121245
0 0.530168568757138 0.7998202112701358 0.3840235400077587 0.21693406505632992
0 0.08884000408288592 0.5094084407496577 0.17768000816577184 0.1780581185006845
0 0.1728650913460912 0.460268595605938 0.17436175546001179 0.15004076708875883
0 0.20789418240231833 0.5753791185671917 0.1766258860649556 0.1204896594086268
0 0.29786573603586064 0.6475830760098967 0.17739116061076282 0.1298646594086268
0 0.5080540658822 0.6983630113492781 0.39132585697722055 0.2109113855894435
0 0.07501649120600833 0.39111308181588444 0.15003298241201665 0.14250105172849495
0 0.2736784211924307 0.5142310184089071 0.20982076546195144 0.20251254922121245
0 0.38342021194909537 0.5351990847853854 0.21364739606689528 0.17300690564770313
0 0.5992206840693083 0.5554193419115213 0.41871727546389115 0.2600308471887837
0 0.74156806754919 0.6829951094624986 0.20315643515656986 0.1399670851145899
0 0.811003851637895 0.7394293143979211 0.23730803667377884 0.19551840314042082
0 0.8595047377028505 0.6226677117323541 0.16635806576151388 0.10927937476889085
0 0.8463666221008163 0.5162729592250718 0.23737168061464226 0.23448997492717538
0 0.11955553552617389 0.3109793009370721 0.23911107105234777 0.19785379295300629
0 0.255980222410077 0.36821983643473805 0.1307076081851685 0.09265416442319178
0 0.341646784378569 0.39768236441055654 0.2001909318225902 0.1227341210079671
0 0.5648611437716855 0.4130105330568904 0.3965874418245299 0.17988870612255692
0 0.7893191387707157 0.4321994875966017 0.1573657030344176 0.11369409012915473
0 0.8828617157421172 0.3842728014657975 0.17484024545807203 0.09861465940862688
0 0.15676082772030756 0.18015519827150508 0.29881962152108804 0.16613243151195065
0 0.2449625872632053 0.24539610187414423 0.289540216370337 0.18612668276559186
0 0.34410171786814914 0.27212843494366995 0.2814726248550679 0.18277436223247845
0 0.4516432798366411 0.30095446542677096 0.26648535364324066 0.19013222116625172
0 0.6481516180179303 0.30926575593900174 0.3749675333397988 0.18237720862983933
0 0.8273925789282555 0.2713158118906388 0.31001221303635723 0.16957568025830944
0 0.3901152037833235 0.10945493870459362 0.386064530005819 0.16555342148282076