0 0.3701090148064884 0.8103419056428425 0.6475595685964722 0.3698516415004427
0 0.4477925599044978 0.7068004057134297 0.5919841803920374 0.4305469468185841
0 0.4528471368536725 0.6067094004517578 0.5589682945498552 0.3335053468468189
0 0.536708760081983 0.4825368821064936 0.5547917152384277 0.39251632580013157
0 0.48660461107777486 0.3544720662650083 0.5810615493591786 0.34102942051022483
0 0.5363839001853344 0.17928677513411562 0.5348958774894796 0.35857355026823123
0 0.44595979682728987 0.1774431895613609 0.5487054063454202 0.3548863791227218
0 0.10868299691995711 0.7258961001129395 0.21736599383991423 0.3263327997741211
0 0.11787943684582332 0.534907079066252 0.23575887369164664 0.2833108418674959
0 0.15348212014826756 0.4539987133094714 0.30696424029653513 0.2701275733810572
0 0.17895085690142365 0.25622136596854217 0.34541173683797405 0.24621963652111942
0 0.14986853602751665 0.11453293685993782 0.24088792794496666 0.22906587371987563
0 0.7299304481089327 0.7542999480891532 0.19439487386128268 0.25301712613894994
0 0.7947444601746503 0.5727622507764588 0.17217264427970277 0.1971465577372161
0 0.8080654049098399 0.48154571657559175 0.1817311827542901 0.2476015840455752
0 0.8138119518219478 0.33931271394475593 0.13752482576804823 0.18733194198043535
0 0.816550060622288 0.23857696657559185 0.19190479092165802 0.2263636208772782
0 0.7837078226880054 0.07449119375466988 0.17754962504240906 0.14898238750933976
0 0.9074899968351391 0.5591786219360857 0.09860616950744613 0.14452281570031095
0 0.9108134705110874 0.10678166402946052 0.17324407095872515 0.18317506299888783
0 0.9029860684268364 0.2639494219219683 0.18016868275429018 0.24751057878390342
0 0.9208679944728864 0.3993485956277265 0.13371034500534193 0.21205892619541977