0 0.05138419623625321 0.6809239981001389 0.10276839247250642 0.16497299620027786
0 0.09877526318040293 0.7500565110179168 0.097493144417414 0.10850479065319459
0 0.2007963054330765 0.8079073382402433 0.1507181383672898 0.1269287887533334
0 0.28317246819725483 0.8848348205728127 0.1336124515990063 0.1405912452503472
0 0.4119287272724412 0.9093418984607293 0.16983175273047452 0.18131620307854135
0 0.6492605556294683 0.9391222770698266 0.22578177088084708 0.12175544586034662
0 0.8505599560970063 0.8523873029053822 0.2283805718159236 0.2952253941892355
0 0.026838714190234092 0.50768586664125 0.053677428380468184 0.1309967332825
0 0.056326226290482506 0.5849393508736807 0.11265245258096501 0.1480037017473613
0 0.14271161554153508 0.7190435535709724 0.13512949980360828 0.13281511284152786
0 0.1721860129840112 0.6220601040078126 0.17581813231716562 0.14469817021222225
0 0.23735649503003034 0.701712542837396 0.18056017447164335 0.1541822729857641
0 0.3186196096878026 0.8356530913743754 0.1227749455488821 0.15752417211208333
0 0.3482576335937118 0.7105446418112156 0.09763859016268786 0.1335047906531944
0 0.39946560958960675 0.772682272320174 0.1398624515990064 0.14073671561506967
0 0.5278673446606879 0.8624013485925698 0.17437380698520072 0.16497430262104168
0 0.7563786849215717 0.8013047669049312 0.3455589814568441 0.3189383700597226
0 0.45998547395279143 0.7115824245806254 0.15089085518980258 0.15661628875333342
0 0.5964906005144204 0.7514833388089242 0.16960449375348396 0.15080269984750014
0 0.044843304745705435 0.3503097777354167 0.07580904195808598 0.14080814437666672
0 0.09849047951193633 0.39609570963114593 0.1821681262670414 0.16203114057694465
0 0.10350016637841564 0.47512924620027785 0.1162976865718917 0.11831620174736131
0 0.18292404596510675 0.5222964933504863 0.13497496369925477 0.10625261284152784
0 0.2629746394474443 0.596044424296285 0.13345791549465286 0.11402874525034737
0 0.418497931601922 0.5902879996187503 0.2103840298578376 0.17831075721819456
0 0.5604854437021703 0.6279724504161811 0.18849084913967823 0.17467661094166687
0 0.219093350121637 0.4832891979476391 0.1491919998036083 0.13314242116215294
0 0.33375983811958443 0.51643096589941 0.1729476623713948 0.1883754350298613
0 0.5261336904807166 0.4888729296146185 0.21210106596219108 0.20490962480937522
0 0.6916677868899204 0.5083528942797575 0.3031987646343312 0.2882689450978475
0 0.7846678322658519 0.6394411997505909 0.3297249031980126 0.282637194147917
0 0.15354665993550798 0.19969414152687515 0.2154987767345796 0.2518573599917363
0 0.15140692213395227 0.2988765239356946 0.10557835518980255 0.15556162860909728
0 0.2861450156162898 0.3738973205728128 0.21526242739850954 0.2112323599917362
0 0.28536428649713697 0.23948595298163217 0.2125464935570923 0.2814721248093752
0 0.4455018348981306 0.38073181487322955 0.2090669695529872 0.22046188962701407
0 0.6994939224285398 0.5061909822356603 0.2797521742752515 0.28616093123013914
0 0.9063433652469474 0.5422596880670841 0.18251355991206708 0.22140614057694458
0 0.4143796208060923 0.22373627925402814 0.1762817406302261 0.22438567021222236
0 0.6272381691088902 0.3013567054501741 0.3079226260706497 0.29462804787138913
0 0.2938449278894889 0.12482404093753496 0.1336942648307229 0.15465374525034736
0 0.4337614007621259 0.1155789403481948 0.23534766842151914 0.17264263867708354
0 0.6209114219375605 0.18009930128986162 0.2715669695529872 0.22191659327423632
0 0.771560340850059 0.34065820763437565 0.13227721057599667 0.17961737765916688
0 0.8836740005891752 0.4096829241993758 0.1761726563212708 0.20563567021222232