0 0.0988025640576954 0.9407192253204109 0.17971686305535758 0.11386907095872516
0 0.19762720093175062 0.9707936165200705 0.30236613680346813 0.05110123084752445
0 0.2817438666744139 0.9187375539988661 0.2768494682887946 0.14844745680090696
0 0.4831852693334847 0.9405505226958546 0.29223227360693615 0.0912897212288776
0 0.4835261745528042 0.8945386182493511 0.2850105787839034 0.18147821161023076
0 0.7071302745245693 0.8571030725183695 0.2443855787839034 0.1800595553496283
0 0.8567508429263034 0.8316070207969382 0.19567506299888784 0.17368058057737165
0 0.9021914165191219 0.7341218963875014 0.11498650512049764 0.15371033175849824
0 0.059867980656959995 0.8758134771345093 0.11973596131391999 0.10710815027015244
0 0.20720586923466264 0.8464930209665742 0.2508484104104042 0.1303869375636136
0 0.40153969815974033 0.8163169037287135 0.26516851564384114 0.16207344718226047
0 0.5937572902389977 0.7823163820443492 0.22868498407381016 0.15144348202865068
0 0.8218591744116299 0.7345881770575404 0.27601501038216936 0.16089289309857618
0 0.11775956349299803 0.7834151568087564 0.23551912698599606 0.17677086424263583
0 0.3088432349208562 0.734570885124392 0.2662605787839034 0.18082344718226045
0 0.5100641006776369 0.6932390130772079 0.2510150103821694 0.16001987386128266
0 0.7150092059110739 0.6548957317741966 0.25109060509226244 0.18809031015895172
0 0.8640683321911983 0.6122667437550963 0.20706758930724697 0.18187502649368775
0 0.058035223973989435 0.6744245919252992 0.11607044794797887 0.14068454210278442
0 0.23410781640618264 0.6389434157944311 0.319021557737216 0.17642861306150942
0 0.4842667111021585 0.5873263189749904 0.3551256577089811 0.20731651451278826
0 0.7428751426298372 0.5244989036438955 0.37821454721387227 0.17537703375008196
0 0.8994436610456887 0.5135737834108098 0.14723756299888785 0.17198910580511537
0 0.08883717391751969 0.5651487956461635 0.17767434783503938 0.16345240870767305
0 0.23753519524655578 0.5265525431990928 0.24796560509226265 0.18798118275429018
0 0.43217983731169574 0.4776537078123976 0.24265647881213823 0.1503720553496283
0 0.6276589372834608 0.4412003087233714 0.28831758930724705 0.18471233901489229
0 0.8404620451477338 0.4018029589087059 0.2345555524755441 0.1719196731356433
0 0.026594779150956677 0.4791046574417286 0.05318955830191335 0.10741568511654283
0 0.13955199253101525 0.4418724975529293 0.2458724840738101 0.15204368275429
0 0.33796637670364743 0.39518100291040686 0.22886699459715382 0.15456848202865067
0 0.5329372424604281 0.3540673856725462 0.2670040314288567 0.16681551088459123
0 0.7427518582172088 0.31243541326254237 0.27583299985882553 0.15776789309857636
0 0.8838696818806145 0.28567696190393077 0.17930661035393447 0.18714287985173242
0 0.06387424224866657 0.3732440378416152 0.12774848449733314 0.15351192431676958
0 0.1870023871564039 0.323266341292327 0.21773207352223153 0.17756947241000381
0 0.37729345818897386 0.2955703833102935 0.24062354195220043 0.16901292794496667
0 0.5732653818241449 0.23726926607243276 0.26580555247554416 0.17301094718226032
0 0.7937367765201208 0.1866888795972784 0.26782307878390343 0.18087801088459124
0 0.15068326848643865 0.22584819346924528 0.3013665369728773 0.19830361306150943
0 0.37579811859937806 0.17399548367311318 0.38739212613895 0.19908735226173624
0 0.678892297496221 0.11039425282558886 0.35412459983059075 0.1901290145127883
0 0.8580484474538685 0.07151532441728604 0.17343604195220053 0.1430306488345721
0 0.05250337371987562 0.15355902041842004 0.10500674743975125 0.1647569591631599
0 0.18126613957547835 0.10048360572029731 0.2241794945971538 0.1544047909216581
0 0.3815237448089153 0.07133430826003526 0.2713275103821694 0.1426686165200705
0 0.5876750342714543 0.05598707205503334 0.2652749314570915 0.11197414411006668
0 0.7883498684582038 0.02760412251052028 0.27330026308359245 0.05520824502104056