0 0.34518402023792966 0.7649223640757989 0.2955116530976462 0.21911890159486144
0 0.5893467780398458 0.763582642095556 0.28900270352718743 0.273588196047778
0 0.8020481739014029 0.7872604507005214 0.2593218475797222 0.243246079406528
0 0.33428306252687057 0.601586562689028 0.21707239258219663 0.15174825721819474
0 0.5939347014910227 0.6575690314382296 0.21107469810012064 0.1266391544446531
0 0.8047836702833582 0.6905672886564242 0.19479460085908257 0.11377547853284735
0 0.5890214721832375 0.5638190314382296 0.2354063127540133 0.1740233007211806
0 0.7659048767512218 0.603829701650452 0.24890224672063965 0.1337619766329862
0 0.3209774790806425 0.5263683571419447 0.21749511646291478 0.1002584924005557
0 0.5495971240376883 0.5262274592498962 0.2557055246489437 0.23379834422416684
0 0.799972260288307 0.5094263914299659 0.2580315852552502 0.1292926821800698
0 0.3265480483933764 0.43910474648461834 0.24331398801421233 0.11646537385944455
0 0.3300647947753318 0.3424297682361114 0.2669019742194025 0.17943815254479195
0 0.5541883695151325 0.40538828238816016 0.25045810266810486 0.16344947663298637
0 0.7755277809805218 0.4152217965402089 0.24158106965141818 0.14295513867708354
0 0.34657950814060035 0.22576959830822946 0.2631904760284248 0.22773018218006963
0 0.5705902182265087 0.24190766384704906 0.25157794662978256 0.3039290062682641
0 0.7785155828804011 0.2935650020872923 0.25414302464894367 0.23376197663298637