0 0.08478195409104797 0.6769033367255884 0.11381855913900918 0.16806832654882306
0 0.13794764950015276 0.7422516977614364 0.1018236732831983 0.11132700361804453
0 0.2428748980524107 0.7923568391004376 0.15574919396136275 0.13129866689245623
0 0.32918057919349186 0.8630168198785608 0.13921666542531544 0.14446040818602873
0 0.4592876102107385 0.8820423795803564 0.17741017824559702 0.19478131275401306
0 0.6981339404421968 0.8985017820006339 0.23125861621110388 0.14616675033868418
0 0.8871041635632887 0.7989167825664609 0.22579167287342267 0.3243736374938141
0 0.05174036000585073 0.5055572812076645 0.06229029238978616 0.13263543758467106
0 0.08499381575403774 0.5805639252601992 0.12239303846084473 0.1513721494796016
0 0.18020577005448268 0.7079276074178033 0.14041529238978617 0.13672979534115867
0 0.2045636071103666 0.6087564450479028 0.18154971463952715 0.14979636137453234
0 0.27382733746565946 0.6834421845324533 0.18667386228216235 0.15941702283992143
0 0.3620080417661044 0.8111743588881414 0.12907968610347992 0.16107469810012062
0 0.38505593589408293 0.683878196518241 0.10298806699689207 0.13632700361804453
0 0.43945664557121134 0.7421134203989592 0.14546666542531544 0.14478795680654777
0 0.5724018862655864 0.8220764801007545 0.18093328453190338 0.1700269742194024
0 0.7974339654635875 0.7437147054518108 0.35823214681406557 0.3289526741285453
0 0.4967019112869771 0.6764607649264637 0.1571319114963739 0.16098616689245623
0 0.6351308645539647 0.7060143888526105 0.1755908130679506 0.1557188127540133
0 0.06314012468815913 0.3467621353461074 0.0814769400324213 0.14299308344622813
0 0.11912045099067606 0.388468278494131 0.1886002353176916 0.16731140999505117
0 0.12826431864952187 0.46708792345117695 0.12101032092583344 0.1216846494796016
0 0.2100622822555917 0.5082241785395596 0.1391781240689866 0.11016729534115868
0 0.29387866418246117 0.5758819900503773 0.13797949710451593 0.11789790818602892
0 0.448910766539826 0.558359218114967 0.21745298138875024 0.1844103787873868
0 0.5926993078961549 0.5852824869981597 0.19543243217453837 0.1801389586155704
0 0.24414402977439237 0.4664970239715752 0.15447779238978615 0.1374667797373265
0 0.3604068846129566 0.49094706806953853 0.18046240363849114 0.19338258706427278
0 0.5511025051672865 0.44884369798857904 0.22025264970954977 0.21105476594251651
0 0.7174552512383452 0.45578865954482534 0.31466192927905434 0.2970542209400421
0 0.8172091563245782 0.5797816802370402 0.3409333308506309 0.2921963025772477
0 0.1638207131917851 0.18798692164215455 0.22556088792272547 0.25809354025277603
0 0.16687940074300706 0.28728755879728435 0.11181941149637406 0.15861143939369332
0 0.30538328266987647 0.3520793198785608 0.22366874813797316 0.21746854025277607
0 0.29756216645877276 0.21778620703369053 0.22381860545773674 0.28761726594251646
0 0.4649038318840882 0.3468518300553261 0.21785539578060836 0.22651599163225705
0 0.7251585893276863 0.4530354737691765 0.29115165467194865 0.2942634136130959
0 0.9189812481379732 0.4734354257144844 0.1620375037240535 0.22668640999505132
0 0.42559512117350246 0.19228051673548602 0.18526121960192582 0.22948386137453217
0 0.6422603904039248 0.25375917006027493 0.31964052770747775 0.30354988240543135
0 0.30002573283649225 0.10253302125804176 0.1398716368892682 0.15852290818602893
0 0.43928728597964534 0.08621970375433019 0.24216188296032679 0.17243940750866038
0 0.6295891083532209 0.13303391225835876 0.28035539578060825 0.22979147783744708
0 0.7884654563673595 0.2821221082107728 0.13947353060296183 0.18344102103089915
0 0.9040583771693583 0.34263248304143074 0.18438792431665546 0.21073386137453215