0 0.1803358980316513 0.7694245786784553 0.3606717960633026 0.3986508426430895
0 0.2217881207078965 0.492224672417853 0.443576241415793 0.418675655164294
0 0.5026320370863122 0.6041963604448026 0.5505202339909268 0.6456597958157996
0 0.49389232046019116 0.763844178956457 0.295249909248137 0.26807047603820083
0 0.5556787272724412 0.8843178808632228 0.36986811416679294 0.20506453375008177
0 0.7589128115813966 0.8584745995602114 0.282586282784704 0.23950896641955416
0 0.7133508475875543 0.7686779787789717 0.3674430718159236 0.32526790634542024
0 0.7597541906771083 0.5795956314113769 0.30477944535249046 0.294960358252186
0 0.3593603226996863 0.2584895347615723 0.6289987162333375 0.4406300446346732
0 0.6644881842342008 0.30641608095589 0.3488385175611974 0.34961314191744997
0 0.4274750393258073 0.1083903641578178 0.47629992134838534 0.2167807283156356
0 0.8857076366187739 0.6798634715225775 0.18880901170746506 0.23154764427970279
0 0.8800939617543472 0.570706726331901 0.23397606596219092 0.20812999164729754
0 0.9152052808397961 0.44294382488062223 0.16484427088084744 0.14010418874473984
0 0.8970234282822723 0.3459423393085925 0.2027169756031114 0.2054762176006804
0 0.8559535215682181 0.2895757774203601 0.16801472267624504 0.14802581614940155