0 0.06032412168696836 0.84765625 0.12064824337393672 0.1453125
0 0.2267807225544458 0.9109375 0.2851130845145814 0.1578125
0 0.49922622147471163 0.88984375 0.313738732262828 0.165625
0 0.766844518050939 0.8953125 0.29821386181247733 0.1671875
0 0.1196373673680317 0.71953125 0.2392747347360634 0.2265625
0 0.37429367751937787 0.7546875 0.37371450956072394 0.175
0 0.660111261572534 0.76875 0.2786628254152827 0.1546875
0 0.8568558536452546 0.75859375 0.19266476866002263 0.178125
0 0.07446861813861144 0.5375 0.14893723627722288 0.1640625
0 0.2362696506829073 0.5921875 0.3132171005537104 0.20625
0 0.48618001311369347 0.61796875 0.34110226866002263 0.178125
0 0.7924602914913235 0.6296875 0.33511308451458144 0.1578125
0 0.15669892967423363 0.41640625 0.31339785934846726 0.178125
0 0.4561186806016968 0.453125 0.3308656755075678 0.1890625
0 0.6637216270856392 0.49296875 0.28933950956072396 0.175
0 0.09166361620985577 0.28515625 0.18332723241971155 0.171875
0 0.28805670034145364 0.29609375 0.29518899136212673 0.16875
0 0.5553245434939085 0.30703125 0.34144223010335967 0.2078125
0 0.8617783952842364 0.48671875 0.22357480721668566 0.1484375
0 0.8118155729512726 0.33984375 0.26982804595791865 0.1875
0 0.18595323797065327 0.14765625 0.37190647594130655 0.15
0 0.4658684245847172 0.1546875 0.3412629549649321 0.15625
0 0.7085973426910294 0.1828125 0.2522400277593212 0.18125
0 0.8850899915190101 0.19609375 0.21259773442229637 0.1234375
0 0.11082807603359164 0.03828125 0.21271884793281673 0.0765625
0 0.340465511258767 0.0390625 0.250318977482466 0.078125
0 0.5925892157622737 0.0546875 0.2804465684754526 0.109375
0 0.8304000963916573 0.07421875 0.26047402991878954 0.1390625