0 0.2015625 0.8453125 0.40078125 0.30859375
0 0.21171875 0.56171875 0.42109375 0.32265625
0 0.53125 0.61796875 0.44375 0.54609375
0 0.55703125 0.77578125 0.25625 0.20859375
0 0.65 0.909375 0.33828125 0.18125
0 0.84609375 0.8546875 0.234375 0.2515625
0 0.77421875 0.7421875 0.3203125 0.2515625
0 0.7796875 0.54921875 0.26015625 0.23515625
0 0.31640625 0.3046875 0.575 0.30546875
0 0.62734375 0.2984375 0.2953125 0.28203125
0 0.34296875 0.10234375 0.4421875 0.20234375
0 0.925 0.625 0.15 0.19765625
0 0.89765625 0.5203125 0.20390625 0.16171875
0 0.91484375 0.3859375 0.1703125 0.10078125
0 0.8890625 0.2921875 0.221875 0.15625
0 0.8125 0.24921875 0.146875 0.1140625