0 0.2311113964940926 0.8587481773553154 0.3518747663962468 0.26124635471063096
0 0.23745187179947597 0.6235153710079671 0.40646902324472406 0.3439057420159342
0 0.19626522905358296 0.3268760517284949 0.3631926199253762 0.3488827470304991
0 0.2286596414964932 0.11656668903379805 0.3854442829929864 0.23104202916295274
0 0.5279863964940926 0.856838684877163 0.5455781448204856 0.28632263024567417
0 0.8175976226246686 0.9364221994586395 0.3648047547506629 0.12715560108272114
0 0.527224766820454 0.641301230733163 0.5100909307132568 0.3328893371596539
0 0.8270003771864497 0.7957065520576994 0.34599924562710066 0.2546613855894435
0 0.8189904888018452 0.5835248008040581 0.3620190223963096 0.29426945486891576
0 0.5637613049883106 0.3827816885715796 0.5306420742843425 0.4395030500126353
0 0.8063693217855429 0.3061583187507468 0.3872613564289143 0.3646274189755383
0 0.5632122402517378 0.1286397578510518 0.4920494805034755 0.23882108841329502
0 0.8383287941911413 0.1235875111497571 0.3233424116177176 0.1641440341775177