0 0.23493802744555423 0.8975583937715783 0.3588509731635294 0.18890301494635436
0 0.540646609339242 0.9026547551748703 0.290622604872647 0.1433052497995071
0 0.8347368568752319 0.8852724653334064 0.3305262862495362 0.1366301199253762
0 0.34445512491694563 0.7934843551795145 0.44989508019564467 0.2751024693053207
0 0.5829774043743099 0.7424383829744089 0.3501558960502035 0.24733082158505013
0 0.8055261697997427 0.8009450095245476 0.38894766040051465 0.18653687677385342
0 0.8667454696151726 0.68383909728213 0.2665090607696549 0.2289826406713006
0 0.3153312245478054 0.6575235443916339 0.4428440437984502 0.26212887262466855
0 0.6397712176079751 0.5874064182424803 0.31051360271317885 0.1867951406713006
0 0.872906430827797 0.5727356539208259 0.2541871383444061 0.23260454813983333
0 0.3092547979605033 0.4891995968811448 0.36986761875230767 0.23949501079716953
0 0.6097053809339252 0.4734982062098442 0.394667359653009 0.23826439751977785
0 0.8643895743355486 0.41426030309098894 0.2712208513289028 0.2769465439906485
0 0.6149762669619796 0.34749181326345846 0.26720369370616515 0.2146115647365729
0 0.3164596213732013 0.31986925642426994 0.41289572794389134 0.28007338922140806
0 0.6171932017257296 0.17382917031707276 0.33382998920265833 0.23520932988341992
0 0.821713116131414 0.21001143358981994 0.3565737677371721 0.24032380498831057
0 0.2910021391103733 0.15536904854081873 0.3639389913621267 0.1955082124568434
0 0.2947500979328167 0.0726553273846202 0.38325019586563347 0.1453106547692404
0 0.6299261343300113 0.07148022323079094 0.33172726866002267 0.14296044646158187
0 0.83590722162237 0.08554087800003136 0.32818555675526007 0.17108175600006273