0 0.2226134564001047 0.5865374607832363 0.12071384992375007 0.09337333693238978
0 0.31093172720166723 0.615063357254107 0.15091049620027785 0.11749792116548718
0 0.43395230632385473 0.6550469719813912 0.1574150693385418 0.1289090178461393
0 0.5928922016504521 0.6915261557949257 0.20628898043270852 0.15132939212119306
0 0.8118604071975353 0.6843252719721022 0.3078177256830557 0.2916010398414636
0 0.7082613220914242 0.6045212180326989 0.4044732137152085 0.22249768756173402
0 0.23620252450437546 0.5315064186666876 0.16639002583555565 0.11243191286711748
0 0.4097140661075005 0.5887950099487549 0.23470492116215294 0.16596057718412743
0 0.26125511626000036 0.4309969331888347 0.24011846656500016 0.13049667386477956
0 0.2646879343642712 0.3767354856783456 0.25886846656500007 0.13191746390673592
0 0.25600195896555583 0.30617453194407923 0.2618843637914584 0.127466762247062
0 0.34146994633211847 0.4476148255105204 0.26315722948277787 0.182154262247062
0 0.44895579122187534 0.45903573235435324 0.28357883225631964 0.18838095145918135
0 0.5201411134102087 0.49120776969701724 0.22849259517409734 0.23411858133331248
0 0.42513316546256974 0.27614072198139106 0.14887521751493066 0.09706702199532424
0 0.40872822188333363 0.3446898124382659 0.0905172036472223 0.06924875269929238
0 0.5183396112260072 0.3465581205268542 0.20686955547083344 0.1092602912913561
0 0.5595990844405211 0.26986464334737104 0.2620662017473613 0.135279262247062
0 0.7378156566288544 0.29392633753386777 0.3246766109416669 0.21177182988341992
0 0.7372182042159031 0.40275688587419384 0.31112195079743066 0.16551213652211577
0 0.735330355526424 0.4897716337996014 0.3259845378034029 0.20095272905358286