0 0.0875 0.8671875 0.171875 0.265625
0 0.26796875 0.95390625 0.19609375 0.09140625
0 0.409375 0.94296875 0.2046875 0.1140625
0 0.4765625 0.8890625 0.190625 0.21328125
0 0.69765625 0.903125 0.30078125 0.19375
0 0.17578125 0.78984375 0.22890625 0.2734375
0 0.296875 0.790625 0.1671875 0.26484375
0 0.36484375 0.703125 0.134375 0.1671875
0 0.48671875 0.7515625 0.18203125 0.21640625
0 0.63046875 0.74609375 0.2109375 0.2015625
0 0.728125 0.82890625 0.134375 0.1203125
0 0.821875 0.76640625 0.19296875 0.22421875
0 0.834375 0.671875 0.17734375 0.21640625
0 0.8953125 0.6359375 0.209375 0.23125
0 0.0703125 0.57421875 0.1390625 0.18046875
0 0.1765625 0.59609375 0.23515625 0.22109375
0 0.2703125 0.54921875 0.184375 0.17421875
0 0.41953125 0.6 0.140625 0.10546875
0 0.47265625 0.5859375 0.159375 0.1640625
0 0.55625 0.5203125 0.21484375 0.25
0 0.7046875 0.53671875 0.16015625 0.25
0 0.74765625 0.41640625 0.1828125 0.29140625
0 0.81796875 0.35078125 0.1796875 0.271875
0 0.9421875 0.48125 0.11484375 0.165625
0 0.865625 0.26171875 0.190625 0.2765625
0 0.909375 0.2765625 0.17109375 0.21953125
0 0.9359375 0.1453125 0.128125 0.14375
0 0.32734375 0.496875 0.1390625 0.1609375
0 0.39609375 0.4359375 0.1140625 0.14140625
0 0.44140625 0.3890625 0.11875 0.17578125
0 0.56328125 0.3890625 0.14375 0.28984375
0 0.63125 0.35703125 0.09921875 0.13359375
0 0.67578125 0.28359375 0.12265625 0.1125
0 0.046875 0.415625 0.08984375 0.18515625
0 0.12734375 0.40390625 0.16171875 0.1671875
0 0.21328125 0.38828125 0.16875 0.18046875
0 0.3 0.3328125 0.19375 0.1609375
0 0.31640625 0.2640625 0.13671875 0.11875
0 0.40859375 0.228125 0.14921875 0.17890625
0 0.49296875 0.209375 0.178125 0.153125
0 0.5859375 0.190625 0.21015625 0.1953125
0 0.66015625 0.15 0.16171875 0.125
0 0.7984375 0.06953125 0.12265625 0.13515625
0 0.05078125 0.2625 0.096875 0.13359375
0 0.11875 0.24453125 0.21328125 0.1578125
0 0.1953125 0.1875 0.2078125 0.125
0 0.25859375 0.1140625 0.159375 0.18046875
0 0.3578125 0.0765625 0.215625 0.1109375
0 0.43046875 0.0640625 0.1390625 0.125
0 0.528125 0.05703125 0.11875 0.09609375
0 0.6546875 0.05546875 0.19921875 0.10234375
0 0.04140625 0.11796875 0.08125 0.115625
0 0.1046875 0.0921875 0.171875 0.09140625