0 0.08828125 0.8546875 0.17421875 0.14296875
0 0.2921875 0.91484375 0.27265625 0.15234375
0 0.56328125 0.8890625 0.3 0.1609375
0 0.83125 0.88984375 0.284375 0.1625
0 0.14140625 0.7265625 0.27890625 0.22109375
0 0.42734375 0.75625 0.359375 0.16875
0 0.7140625 0.76484375 0.265625 0.15078125
0 0.91015625 0.7515625 0.17890625 0.175
0 0.08984375 0.54453125 0.175 0.1609375
0 0.27578125 0.59609375 0.296875 0.2015625
0 0.528125 0.6171875 0.32734375 0.171875
0 0.83515625 0.62421875 0.321875 0.15234375
0 0.1671875 0.421875 0.328125 0.171875
0 0.484375 0.453125 0.31484375 0.18359375
0 0.6953125 0.48984375 0.27578125 0.1703125
0 0.096875 0.2921875 0.18828125 0.16875
0 0.303125 0.29921875 0.28125 0.1640625
0 0.571875 0.30546875 0.32421875 0.2015625
0 0.89375 0.48046875 0.2109375 0.14453125
0 0.83046875 0.334375 0.2546875 0.18359375
0 0.18828125 0.153125 0.3609375 0.14296875
0 0.46953125 0.15546875 0.32890625 0.15078125
0 0.71484375 0.17890625 0.23828125 0.17734375
0 0.8953125 0.18984375 0.2078125 0.1203125
0 0.10546875 0.0421875 0.20703125 0.08125
0 0.33515625 0.040625 0.24375 0.078125
0 0.58828125 0.053125 0.27109375 0.10390625
0 0.82734375 0.06875 0.25 0.134375