0 0.31736663670084453 0.8532613553861943 0.4669572851643934 0.2934772892276115
0 0.26507603912112226 0.616979463502863 0.486424337402957 0.39958392700572604
0 0.5851019340781681 0.6133742371141847 0.5715717005865116 0.623448673882468
0 0.6484318509706244 0.7636969448615112 0.3038907191310198 0.2548158067888089
0 0.7707749197175313 0.8776554266129427 0.3798800090451115 0.24432373438371008
0 0.9002577860689044 0.7871718480595238 0.19948442786219117 0.293541963502863
0 0.8311083163720578 0.6899014174395605 0.3377833672558843 0.3099214633064712
0 0.8095519781761313 0.4998713150784283 0.3147396879233554 0.28299534894328654
0 0.3148082869734157 0.3439146682251274 0.615204434643995 0.41282933645025477
0 0.6012946636130959 0.2815384298343965 0.3611919640426372 0.3348123789975158
0 0.27690109396167767 0.14219308694123406 0.4881771879233553 0.28400437880112417
0 0.9354782338303409 0.5460019473955938 0.12904353233931828 0.22275676483072288
0 0.8981110306418376 0.4489224143163025 0.20377793871632477 0.19816583098930568
0 0.901328963138126 0.3137434384186034 0.19281602103089918 0.1323317527304745
0 0.8538154760284249 0.22677470354391396 0.257110894391219 0.1967487767345796
0 0.768788700813654 0.1989446193331544 0.1729948439616777 0.14158857806243946