0 0.03046875 0.79609375 0.059375 0.15625
0 0.20703125 0.74140625 0.33984375 0.2234375
0 0.42734375 0.76953125 0.17265625 0.259375
0 0.55546875 0.7984375 0.1171875 0.190625
0 0.671875 0.8390625 0.17578125 0.16015625
0 0.83828125 0.790625 0.1546875 0.19375
0 0.95546875 0.80078125 0.08515625 0.19453125
0 0.06015625 0.65 0.11875 0.12109375
0 0.03671875 0.56875 0.07109375 0.1453125
0 0.03984375 0.434375 0.07734375 0.19609375
0 0.134375 0.4828125 0.140625 0.27265625
0 0.25625 0.60703125 0.1359375 0.08671875
0 0.3984375 0.59609375 0.1453125 0.12109375
0 0.5546875 0.6171875 0.16875 0.190625
0 0.62578125 0.67890625 0.11328125 0.15
0 0.7046875 0.5765625 0.12578125 0.13046875
0 0.73984375 0.69765625 0.128125 0.1125
0 0.82734375 0.59140625 0.15 0.15703125
0 0.8796875 0.67578125 0.14296875 0.1171875
0 0.953125 0.56015625 0.09296875 0.11875
0 0.2625 0.4921875 0.1453125 0.31015625
0 0.4078125 0.46171875 0.165625 0.27265625
0 0.55546875 0.46484375 0.16484375 0.2609375
0 0.6875 0.4828125 0.1671875 0.2671875
0 0.8328125 0.45703125 0.17265625 0.2609375
0 0.95546875 0.4203125 0.0890625 0.2203125
0 0.05859375 0.259375 0.11484375 0.16171875
0 0.16875 0.2796875 0.14765625 0.16015625
0 0.309375 0.275 0.1546875 0.16953125
0 0.45 0.2734375 0.12421875 0.1515625
0 0.58203125 0.271875 0.14375 0.2140625
0 0.71015625 0.25078125 0.1359375 0.19921875
0 0.85390625 0.23125 0.2 0.21328125
0 0.97265625 0.23984375 0.05234375 0.146875
0 0.05234375 0.10078125 0.10234375 0.1859375
0 0.190625 0.12734375 0.1921875 0.20390625
0 0.34609375 0.1484375 0.1296875 0.1921875
0 0.48046875 0.14921875 0.15078125 0.2171875
0 0.6234375 0.1140625 0.140625 0.19765625
0 0.76015625 0.0953125 0.1453125 0.1875
0 0.909375 0.096875 0.18125 0.190625