0 0.23817886005440042 0.9056794354722288 0.3568363363682311 0.1873865462638264
0 0.5816106113080417 0.8887417569031542 0.37622283386094857 0.20958882873123058
0 0.8663263112954063 0.8811751241941641 0.26734737740918735 0.19726037824476314
0 0.174865203153056 0.7176260564133915 0.3076212495377816 0.32083424593951493
0 0.4448678145941116 0.6753940974055075 0.42329171364440443 0.32441498782184014
0 0.7909077403000746 0.6943666452974824 0.3200136009497072 0.37102516071216735
0 0.9424903430321485 0.6907216737076967 0.11501931393570289 0.3007284772718286
0 0.23529527164110534 0.4304885206995765 0.44503032132453624 0.3201093173671449
0 0.6074286844149445 0.4060150316599205 0.3584563238318186 0.2967342727248761
0 0.8777793221824661 0.4160040917267599 0.24444135563506783 0.2700433133099551
0 0.0854076172470434 0.22206018628300783 0.16426840314042074 0.22462962743398435
0 0.3066544799417403 0.16973620698258438 0.3902686134861197 0.26293201704283325
0 0.652353424848033 0.17699000487455924 0.3363994674053279 0.2901024431795714
0 0.8916975865993402 0.17824499310673173 0.21660482680131957 0.29745920129724623