0 0.20234375 0.58203125 0.11328125 0.0765625
0 0.28671875 0.62265625 0.1421875 0.096875
0 0.40546875 0.68046875 0.146875 0.1078125
0 0.559375 0.73984375 0.1953125 0.12265625
0 0.7765625 0.76484375 0.28515625 0.25
0 0.68125 0.6703125 0.38984375 0.165625
0 0.22109375 0.52890625 0.1578125 0.08984375
0 0.3875 0.6109375 0.22265625 0.1328125
0 0.2546875 0.4328125 0.23125 0.096875
0 0.26328125 0.37890625 0.25078125 0.09453125
0 0.2609375 0.3078125 0.25390625 0.08984375
0 0.3328125 0.4609375 0.25 0.1453125
0 0.43828125 0.4875 0.2703125 0.14921875
0 0.50546875 0.53046875 0.209375 0.203125
0 0.43125 0.30234375 0.1421875 0.0765625
0 0.409375 0.36796875 0.0859375 0.05703125
0 0.5171875 0.3859375 0.2 0.08046875
0 0.565625 0.315625 0.25234375 0.0984375
0 0.73984375 0.365625 0.309375 0.165625
0 0.72890625 0.4734375 0.3 0.12109375
0 0.71875 0.56015625 0.31171875 0.15546875