0 0.07002941868990951 0.7166017396324074 0.04368191286711751 0.1667965207351852
0 0.23141628196730113 0.6773164812910653 0.3785323547785292 0.3047420374178696
0 0.44312429918874063 0.7209223439204637 0.23236774979950728 0.30126713996249954
0 0.5686696734637943 0.7586971630532418 0.1609411904615193 0.2189631964186109
0 0.6817033923449077 0.8077901909984735 0.2125270012493999 0.2032985316684255
0 0.8519208039626254 0.7708780769549552 0.1991515854824974 0.23161902130083298
0 0.9520546716899408 0.7889555507531499 0.09589065662011827 0.21466667568342573
0 0.09861359213048189 0.574902963713426 0.1197941269743461 0.14706907257314797
0 0.0765358373565971 0.4911137240810186 0.08984651784613937 0.16152255183796277
0 0.08299655706290307 0.35842836319504645 0.12344119046151918 0.21568237153638864
0 0.17367002386942404 0.41340980617328726 0.20327224565032243 0.3064823202640738
0 0.2852255983542592 0.5467800893023153 0.15648864357108563 0.11923659849212935
0 0.4282418925454004 0.545277794957223 0.17327432448483523 0.1564044078229628
0 0.5832379684801281 0.5773302943915751 0.21309568631233428 0.23128683063166627
0 0.6488405803076271 0.6439423044763437 0.1484878120372805 0.1775179901980554
0 0.7359010271934163 0.5474589922707883 0.15656042116548718 0.1611506964186109
0 0.7617792108064583 0.6710236313848161 0.15369553029369384 0.1438264953818516
0 0.8579778593519214 0.5705951129587052 0.18693500539858476 0.19329881508027746
0 0.9031854608064581 0.6586521875581035 0.16979412697434598 0.15144350574944418
0 0.9628069000069666 0.5483797774260666 0.07438619998606696 0.1409557736099071
0 0.3009196081025215 0.4321612232325468 0.217169724904398 0.3465017275213885
0 0.44876511225170634 0.41136212474041745 0.22862744316081152 0.31335703685222177
0 0.5960903981444778 0.42521142832180664 0.22455524979950744 0.3005836347787033
0 0.7263349278134719 0.45235154382592724 0.2282722456503226 0.3086695368522218
0 0.8737543794731458 0.4363082958521775 0.2324861489696705 0.30282963996249956
0 0.9650483500046445 0.40900491913199255 0.06990329999071107 0.23986216531583313
0 0.11618479751513347 0.18408318261064832 0.15256000539858472 0.19029139227157382
0 0.22449512759904602 0.21235586262939857 0.1840468037389108 0.19615041300675892
0 0.36564126847083933 0.2173086198394451 0.19425059793005195 0.20790811922731445
0 0.5063021572680401 0.22623597756787134 0.15966211037760658 0.18159989745537006
0 0.6381916973099964 0.2335714409984734 0.1927598755244535 0.24968551611703668
0 0.7686012477249149 0.22137565442907553 0.18220088382282337 0.23324030989648117
0 0.8938935551888033 0.21219756112074245 0.21221288962239343 0.2618724492933329
0 0.9942729861025528 0.23099749632328895 0.011454027794894373 0.15572231969842587
0 0.12468161390209156 0.06557648185671303 0.13998822780418313 0.13115296371342605
0 0.25908084730535197 0.09306720334583347 0.236911694610704 0.18613440669166695
0 0.41289293153844947 0.10261414243622716 0.1736779888018452 0.20522828487245431
0 0.5473630199207318 0.1153199025209958 0.20080917386477956 0.2306398050419916
0 0.6925095765594277 0.09732760197898205 0.18676998465266018 0.1946552039579641
0 0.8309684253146721 0.0901750566207646 0.18918458963168225 0.1803501132415292
0 0.9333811850629345 0.09898926385444526 0.1332376298741309 0.19797852770889052