0 0.1640625 0.91796875 0.19375 0.13046875
0 0.29375 0.95703125 0.19375 0.08515625
0 0.04765625 0.9390625 0.09296875 0.109375
0 0.05078125 0.85703125 0.09921875 0.04921875
0 0.2890625 0.8796875 0.1921875 0.09921875
0 0.42890625 0.93125 0.1921875 0.09609375
0 0.578125 0.9078125 0.196875 0.10078125
0 0.446875 0.8578125 0.190625 0.08125
0 0.6171875 0.8609375 0.1828125 0.12109375
0 0.7953125 0.88671875 0.19921875 0.0828125
0 0.93046875 0.86171875 0.1390625 0.0890625
0 0.78828125 0.80390625 0.19921875 0.08125
0 0.92421875 0.7828125 0.14921875 0.09921875
0 0.09921875 0.80546875 0.1828125 0.11875
0 0.2375 0.79921875 0.17265625 0.075
0 0.40625 0.7796875 0.2 0.09609375
0 0.59140625 0.778125 0.18515625 0.075
0 0.765625 0.728125 0.17109375 0.10625
0 0.9265625 0.70703125 0.146875 0.0765625
0 0.1078125 0.6953125 0.19375 0.08125
0 0.25078125 0.72265625 0.19375 0.071875
0 0.40703125 0.70234375 0.1421875 0.05546875
0 0.5796875 0.7015625 0.19765625 0.071875
0 0.09375 0.6 0.1640625 0.13828125
0 0.2640625 0.64765625 0.16796875 0.075
0 0.43515625 0.63671875 0.19375 0.0765625
0 0.61171875 0.646875 0.16484375 0.05859375
0 0.7703125 0.65390625 0.18671875 0.12578125
0 0.9171875 0.6234375 0.165625 0.09296875
0 0.31328125 0.55703125 0.2859375 0.1515625
0 0.5296875 0.5484375 0.29609375 0.17421875
0 0.75859375 0.55234375 0.18515625 0.13046875
0 0.9265625 0.5390625 0.146875 0.103125
0 0.09921875 0.5265625 0.19609375 0.15
0 0.275 0.45390625 0.1859375 0.0828125
0 0.44765625 0.41640625 0.190625 0.12265625
0 0.5953125 0.4484375 0.18515625 0.09921875
0 0.76875 0.459375 0.16796875 0.1515625
0 0.92265625 0.45390625 0.1546875 0.10078125
0 0.10625 0.440625 0.2078125 0.12578125
0 0.109375 0.33984375 0.2140625 0.1421875
0 0.1828125 0.2296875 0.23984375 0.16796875
0 0.29375 0.37578125 0.18671875 0.09765625
0 0.4546875 0.3296875 0.1703125 0.1046875
0 0.5984375 0.3640625 0.1828125 0.140625
0 0.76484375 0.3640625 0.16484375 0.140625
0 0.9125 0.375 0.175 0.096875
0 0.28671875 0.28125 0.1703125 0.1421875
0 0.453125 0.2234375 0.17734375 0.146875
0 0.60234375 0.27265625 0.16484375 0.13828125
0 0.396875 0.14140625 0.21484375 0.1390625
0 0.57421875 0.15546875 0.184375 0.1546875
0 0.73359375 0.14609375 0.16484375 0.13046875
0 0.75234375 0.26171875 0.14921875 0.12734375
0 0.8875 0.2578125 0.19296875 0.16484375
0 0.61484375 0.0765625 0.2546875 0.15
0 0.8171875 0.1015625 0.1703125 0.19765625