0 0.10286446190393077 0.8976512715995465 0.196299625042409 0.16915677168436433
0 0.31233866562479506 0.9098437036360462 0.29451887023308554 0.16634428493120837
0 0.579491449290059 0.8568178742398007 0.3240625264936877 0.2079514315731637
0 0.8329537551878415 0.8159745863133676 0.281820462791357 0.20491571161023076
0 0.15050590917100912 0.7627479927436059 0.30101181834201823 0.263710358252186
0 0.4327206314113769 0.7472395215147284 0.38392859981466554 0.22408735226173632
0 0.7188044643510014 0.7107191458393471 0.28757938947037937 0.191071466419554
0 0.894332743206942 0.6671352930294567 0.16932046279135698 0.20098712504240906
0 0.0888578529991495 0.5910937367531561 0.177715705998299 0.18801589908902622
0 0.2673188646211539 0.6125619650687917 0.32698911905195926 0.24706849527549474
0 0.5207985286863045 0.593566395291193 0.35267859981466554 0.2229960782151192
0 0.8187102390305908 0.5535117918483304 0.3285317716843643 0.20186512268015627
0 0.160158706083117 0.4574702157017638 0.320317412166234 0.22255956859647236
0 0.46300093077055554 0.4387449752355927 0.3420684820286507 0.2319891322988031
0 0.6766814848542395 0.44220724801626543 0.3008432813030112 0.21338297603820083
0 0.08475196751586239 0.33907736896714125 0.16950393503172478 0.19684526206571756
0 0.26911949991518197 0.3152058154316114 0.30531252649368784 0.20729666714519351
0 0.5372345828548065 0.279312922333035 0.35522324645662096 0.25117564191744995
0 0.8723858544543528 0.40182031707607385 0.23089287985173224 0.17660717313564328
0 0.7974999602594682 0.26710306589494753 0.28242066351699646 0.22210321161023056
0 0.16622271152541263 0.187103151999433 0.33244542305082525 0.19766869600113401
0 0.4224776568087564 0.1467682955613455 0.35191470798203356 0.2011210782151191
0 0.6687896616180798 0.1319245124442357 0.2649603450053421 0.21369051088459118
0 0.8496676393855612 0.11390365482502185 0.22538692431676957 0.15300598202865068
0 0.07897817186969888 0.09096725118112635 0.15795634373939776 0.1118154976377473
0 0.2782316382044349 0.056283471734622635 0.2553273954608291 0.11256694346924527
0 0.5308482067160891 0.049402255357477595 0.2851785865678217 0.09880451071495519
0 0.7706646748649237 0.045845691022174555 0.2680456502701524 0.09169138204434911