0 0.21929324104835962 0.8899621794440706 0.27996450956072394 0.18908459068231737
0 0.20012652914359724 0.6887272280645897 0.3303626326319683 0.3194205438708206
0 0.16853086597453049 0.44032734961588715 0.2996132803802149 0.3255953007682256
0 0.16960800046142532 0.17158839495704586 0.31734100092285067 0.34317678991409173
0 0.48360726248615943 0.8188872823393183 0.4109512985788122 0.337659288782438
0 0.44932908543743205 0.47969862958035625 0.5844865330011085 0.46977682722619163
0 0.39942590838870473 0.1575015615108178 0.4769768167774095 0.3150031230216356
0 0.7973183975913631 0.8326543747191163 0.4053632048172737 0.2773702419709415
0 0.757281430827797 0.6379117627787572 0.4854371383444061 0.31600337403768836
0 0.7558284978405316 0.2902178912274596 0.48834300431893674 0.5165013410210016
0 0.7158135695551866 0.07164653041672461 0.3699887322628282 0.14329306083344923
0 0.9343435240586935 0.26221464269779765 0.13131295188261305 0.3386198439616777