0 0.36953125 0.95078125 0.2953125 0.0984375
0 0.6625 0.94921875 0.303125 0.1015625
0 0.90078125 0.93984375 0.19765625 0.1203125
0 0.05078125 0.9203125 0.1 0.1203125
0 0.17578125 0.90859375 0.1921875 0.13828125
0 0.35078125 0.85546875 0.2 0.10625
0 0.50234375 0.8828125 0.19921875 0.1046875
0 0.68203125 0.84921875 0.1859375 0.1125
0 0.8359375 0.86015625 0.17578125 0.103125
0 0.95390625 0.82421875 0.0921875 0.109375
0 0.2046875 0.78515625 0.3046875 0.1546875
0 0.4578125 0.77421875 0.2453125 0.12734375
0 0.7125 0.7453125 0.30078125 0.146875
0 0.928125 0.7359375 0.14296875 0.15859375
0 0.06015625 0.696875 0.1171875 0.12578125
0 0.18359375 0.6640625 0.17890625 0.09921875
0 0.35625 0.665625 0.19375 0.1078125
0 0.53515625 0.66015625 0.20703125 0.11875
0 0.69609375 0.62265625 0.18828125 0.10625
0 0.859375 0.63984375 0.171875 0.12265625
0 0.959375 0.6046875 0.08125 0.10625
0 0.1421875 0.56484375 0.28203125 0.140625
0 0.43203125 0.55234375 0.33203125 0.1515625
0 0.76640625 0.51171875 0.3609375 0.13671875
0 0.9671875 0.5 0.065625 0.10625
0 0.10234375 0.46171875 0.18984375 0.1109375
0 0.2578125 0.4625 0.19296875 0.10625
0 0.42421875 0.4484375 0.18125 0.1046875
0 0.5953125 0.43046875 0.17265625 0.1015625
0 0.76328125 0.41640625 0.203125 0.0734375
0 0.9125 0.41796875 0.17109375 0.08125
0 0.05703125 0.378125 0.11015625 0.12890625
0 0.246875 0.3515625 0.328125 0.1390625
0 0.54609375 0.3296875 0.31015625 0.13515625
0 0.825 0.328125 0.29375 0.12578125
0 0.11171875 0.2515625 0.175 0.12265625
0 0.26015625 0.228125 0.18125 0.1171875
0 0.42265625 0.24375 0.1859375 0.12109375
0 0.58125 0.20078125 0.17734375 0.12265625
0 0.73046875 0.22578125 0.196875 0.13671875
0 0.896875 0.21875 0.2 0.1203125
0 0.19765625 0.12421875 0.31015625 0.14375
0 0.47109375 0.11484375 0.29609375 0.190625
0 0.7546875 0.096875 0.32421875 0.13359375
0 0.95390625 0.09375 0.0921875 0.1515625