0 0.27734375 0.9453125 0.5078125 0.109375
0 0.26171875 0.8171875 0.428125 0.1796875
0 0.27109375 0.69140625 0.45234375 0.20078125
0 0.28203125 0.5390625 0.4796875 0.19921875
0 0.27421875 0.3703125 0.4859375 0.17109375
0 0.2671875 0.21953125 0.51328125 0.16640625
0 0.25546875 0.08046875 0.46875 0.1453125
0 0.728125 0.91640625 0.46171875 0.16015625
0 0.73203125 0.78515625 0.44765625 0.18125
0 0.72421875 0.61953125 0.44609375 0.17109375
0 0.7125 0.4703125 0.48125 0.16640625
0 0.7140625 0.30078125 0.4796875 0.17265625
0 0.72734375 0.17734375 0.44765625 0.184375
0 0.721875 0.04296875 0.46484375 0.0796875