0 0.185564438034897 0.9256634718782376 0.27974281094499087 0.13304805624352484
0 0.49682948665541604 0.9174313250641719 0.3705315852552504 0.1403939834556649
0 0.8167636126177277 0.8883772560003653 0.3664727747645447 0.16837343424145318
0 0.1811491757104251 0.8115281972711316 0.28663462008095947 0.2050686054577368
0 0.44381627204695195 0.7875469259737946 0.3591580732694627 0.2505309627775004
0 0.7514649977366925 0.7700853283739407 0.4074251549066686 0.27927670099067614
0 0.9414133915641141 0.74072950641465 0.11717321687177176 0.23176803846084476
0 0.15721262946475528 0.6536621933421902 0.2574317989592033 0.24267561331561965
0 0.4065165886461524 0.628737006205253 0.3603930246489437 0.24435373738460625
0 0.6985026927845954 0.5963417673729048 0.3763455732694627 0.2513314834556647
0 0.9078174409198023 0.5536854247354496 0.18436511816039527 0.18631429735218497
0 0.12193246946970407 0.47361297435943683 0.20406778154634875 0.20589905128112634
0 0.33583119515944454 0.46051785318593436 0.352423394391219 0.2112501389561828
0 0.622184774987628 0.4252523254784566 0.345265991632257 0.2233862659206535
0 0.8612694499091429 0.40248895182375477 0.2774611001817142 0.2168794007430071
0 0.1029290846894235 0.32021614660917785 0.17199890999505124 0.18881855913900916
0 0.28537309249133963 0.30467026757779253 0.3772596200809595 0.20928953266987654
0 0.5828688902073476 0.2728015676205738 0.35250528154634875 0.2128126389561828
0 0.8404822371097012 0.2407530851983663 0.3190355257805976 0.22778266749223003
0 0.11969942559888344 0.16202050289548414 0.21615170171816528 0.22828347353086734
0 0.31156602103089914 0.1267668803766835 0.33851138059640906 0.253533760753367
0 0.5917857875392426 0.11418854694240935 0.31007212008095947 0.20616022456432465
0 0.8557144114653893 0.09906877688341745 0.2885711770692215 0.1981375537668349
0 0.08749003392119793 0.044203764268023645 0.14685506784239585 0.08840752853604729