0 0.12035841766762748 0.7874313463916572 0.14437016823232485 0.2069485117201923
0 0.21814347028434597 0.7968483143133993 0.0991794945971538 0.15268251387966067
0 0.3110513071019315 0.8167719856589141 0.13825740514873236 0.12872338217054285
0 0.4308331860834789 0.7730243807862671 0.13272003669052862 0.16728523442229637
0 0.5462383782050886 0.7483772293373926 0.13337248407381014 0.15176036397194573
0 0.652215362420073 0.7368809199612387 0.1548680524755442 0.17337454811738695
0 0.7601034571301664 0.7581971105850849 0.11674642619541978 0.13357156847545254
0 0.8694861624059558 0.7378567273348078 0.14238346302712265 0.14611114126984165
0 0.9573958430770331 0.7329108066076019 0.08520831384593386 0.14420867982650448
0 0.09010322831802807 0.6584144748615725 0.09948333148532648 0.10444527297895938
0 0.19493494148632515 0.6407182302602432 0.13752936305535757 0.11622338217054314
0 0.2626299466774098 0.7124442334994457 0.09670694198043535 0.1369573843300113
0 0.34746767826155833 0.7015184230435578 0.1088583314853265 0.10504605027685514
0 0.4609008467056447 0.6699401511443326 0.13734735253201383 0.11309838217054295
0 0.558709015149731 0.6393631747416008 0.1216313472703419 0.11053458667404978
0 0.6661574941030436 0.6262042358157975 0.12210178413027997 0.09188471622369895
0 0.7870538230281213 0.6419818252676246 0.13035389988706053 0.12666023442229637
0 0.9041048151356137 0.6321283590439254 0.1278813472703419 0.11093510487264702
0 0.975141297072698 0.6167956508397908 0.049717405854604026 0.11800712523071262
0 0.31103037834626296 0.6144585140365442 0.10398882096198277 0.10162066162790725
0 0.40142015991629404 0.6180760649317081 0.12446792093374785 0.13250971622369895
0 0.5052508152062007 0.5831923203303789 0.10068181043863902 0.09829540252860873
0 0.5931148362528882 0.583835065550017 0.09259629465362344 0.09310725478036197
0 0.6771713178370368 0.5729593198689538 0.11214993145709151 0.1348336798265045
0 0.7686608678229192 0.5819955559892931 0.09720819994353018 0.0653827729789592
0 0.8451708889401939 0.5088701341823529 0.13525277346576167 0.237497604872647
0 0.9341113550569691 0.48424276913067316 0.13177728988606177 0.22816217766703611
0 0.0863496257860142 0.5535767805370984 0.11780766823232484 0.20524630937615385
0 0.18492363367852196 0.5496123689091912 0.13655766823232485 0.20644786397194573
0 0.289945062645952 0.5217098095330372 0.12656104195220044 0.16844721622369896
0 0.39256953370675685 0.5065075092561822 0.144021557737216 0.17423614126984166
0 0.5070114653050227 0.47878542258213236 0.13032307878390342 0.17958497532299772
0 0.6161589521508433 0.4678701041066799 0.14927049985882554 0.1574491594684389
0 0.7328837205666947 0.4658792026578055 0.13913663666229362 0.1972731230712444
0 0.08909665223554777 0.4122508736895531 0.10682539462538869 0.12359579117755648
0 0.18638888118886038 0.39974277683647064 0.1204020472138723 0.16960919802510172
0 0.28433355752545453 0.3715095504337387 0.11618498407381014 0.1506589389258032
0 0.3887102443853923 0.3460008058324095 0.16727704721387227 0.1726130845145814
0 0.5169717522779 0.3401339327611652 0.12005343671876342 0.13689682757475116
0 0.6380199996470642 0.33159264266334276 0.1623165314288567 0.16762519586563346
0 0.7852135180629156 0.3276492149963066 0.16313557878390342 0.18168769586563355
0 0.9067622943712749 0.3277016748984843 0.12161593671876361 0.13699695712440044
0 0.9734209959125717 0.3085325678663689 0.05315800817485652 0.15596820018457008
0 0.10220432601189314 0.3141743190937613 0.128396557737216 0.1732348457733483
0 0.2059894786709639 0.27850932449243215 0.12132751038216938 0.15877182757475108
0 0.3061413971150503 0.24778215376522628 0.12279900512049746 0.15730945712440042
0 0.41845938659170656 0.23744782619047516 0.15790204721387227 0.17201230721668548
0 0.5599489365775892 0.24327991672203625 0.16536593671876343 0.1398005845145814
0 0.6986019129000658 0.2273371368032467 0.1489218893637169 0.12473678901808824
0 0.8306331629000658 0.21887618985787904 0.1466159367187636 0.13859902991878956
0 0.9398769656932522 0.21098574183277724 0.12024606861349554 0.14334708667404977
0 0.03497132338105721 0.3176986397286822 0.039728899887060534 0.1208527205426357
0 0.021994639293129663 0.18914284315245475 0.02997446828879457 0.1404643136950905
0 0.09676712613895004 0.18043037476928733 0.15231990514873237 0.12962454811738686
0 0.23064930247554413 0.14989416872462108 0.20856990514873236 0.13322921190476245
0 0.3784497656438412 0.12944436150793553 0.1072048262236546 0.10338342072720588
0 0.4701290314288567 0.12827428285345027 0.11498650512049764 0.15680880937615385
0 0.5582205656297238 0.1328232780730883 0.1440369682887946 0.14777377081949092
0 0.677615307737216 0.12281961752491521 0.16205892619541978 0.1364753254152828
0 0.8077956314006218 0.1364339296788462 0.127972352532014 0.11249760487264707
0 0.9055127945830364 0.10429445327611434 0.099847352532014 0.11069527297895924
0 0.9743510407426633 0.10676980876707023 0.051297918514673316 0.14372901603912897
0 0.7339493367469984 0.05333962986341636 0.06952281570031094 0.09785531153562217
0 0.8040420288686081 0.05706346776947119 0.14660052616718494 0.11412693553894238
0 0.9206379946677409 0.04532088294573533 0.1350259893354817 0.09064176589147066