0 0.31804606738811064 0.9390614582383059 0.5155984237898611 0.12171345705995548
0 0.2988722642450359 0.8117904311109427 0.4410764586155702 0.1900089391059744
0 0.3039990982570908 0.6859410034178456 0.4672228787873867 0.21202938485124853
0 0.30929635063194 0.5335199853656688 0.493703491632257 0.21062142095560182
0 0.2957650378779268 0.36479725644290767 0.49847952283992153 0.18253278239192036
0 0.2831754274079058 0.21404327752014654 0.5247963613745322 0.17799981849627383
0 0.26651247060135785 0.07648523194782325 0.4798999412027157 0.1529704638956465
0 0.7664360639972086 0.9137735492847565 0.46712787200558276 0.1667623366466465
0 0.7686967633405247 0.7848309378484379 0.45990834577069994 0.19168052341492992
0 0.754547974896771 0.6192377541052165 0.4577726356847919 0.18073393305585023
0 0.7381340015818797 0.47006900108015454 0.49354636137453234 0.17781801131468153
0 0.7331554952503015 0.30051502518245543 0.49231140999505135 0.18405892095560183
0 0.7423114099950512 0.1769866215916593 0.46163462008095946 0.19481461377400952
0 0.7321441146538926 0.04386713290634078 0.4702106806872662 0.08773426581268157