0 0.0921875 0.83828125 0.1828125 0.2546875
0 0.33515625 0.7328125 0.37890625 0.440625
0 0.53515625 0.77578125 0.42109375 0.4484375
0 0.66640625 0.93046875 0.15078125 0.13671875
0 0.7671875 0.84140625 0.15 0.146875
0 0.85703125 0.90546875 0.2296875 0.14375
0 0.90703125 0.78984375 0.1359375 0.140625
0 0.078125 0.61484375 0.15234375 0.1765625
0 0.05625 0.49609375 0.11015625 0.09296875
0 0.1203125 0.37578125 0.22890625 0.2140625
0 0.4203125 0.4921875 0.29375 0.16953125
0 0.5890625 0.40625 0.3296875 0.34765625
0 0.76875 0.4765625 0.20234375 0.28515625
0 0.79375 0.6671875 0.21796875 0.32109375
0 0.9140625 0.575 0.09765625 0.16328125
0 0.9140625 0.68125 0.15390625 0.0703125
0 0.98203125 0.58359375 0.034375 0.115625
0 0.075 0.2734375 0.14765625 0.1390625
0 0.1828125 0.24375 0.12421875 0.1125
0 0.35 0.36328125 0.2296875 0.23828125
0 0.0953125 0.1421875 0.1390625 0.13203125
0 0.2328125 0.0953125 0.23671875 0.1875
0 0.3734375 0.16171875 0.3046875 0.20078125
0 0.465625 0.0390625 0.2453125 0.075
0 0.6296875 0.1671875 0.36328125 0.23515625
0 0.828125 0.32734375 0.31328125 0.325
0 0.7921875 0.07890625 0.14375 0.1546875
0 0.871875 0.16484375 0.11875 0.09609375
0 0.95546875 0.23203125 0.0890625 0.2109375
0 0.9171875 0.06953125 0.1609375 0.13671875