0 0.3929666757144844 0.9178405406666563 0.4438739099950513 0.16431891866668735
0 0.1301158729100939 0.8248018583030141 0.23834096223361487 0.30130608133331227
0 0.2718397054518108 0.7845581344475233 0.28547491180407353 0.25040735477852927
0 0.4567259605401935 0.8624256238624575 0.4425371393028364 0.27514875227508495
0 0.6790613059722093 0.9063855902563821 0.25833920171816516 0.18722881948723574
0 0.6627413444159629 0.7639803282330347 0.225028734734852 0.2551647871421713
0 0.4376085476044662 0.7045657489743148 0.47821568973237766 0.36461525519809224
0 0.16269815807448723 0.5323542491748074 0.20422491180407354 0.24425059793005205
0 0.2936582310052658 0.5328655798834199 0.22520579715018094 0.1991515854824973
0 0.5340818351437087 0.5699082516736071 0.36252209068231733 0.2951530149463544
0 0.23277604195025664 0.40746191556640987 0.28629378335537103 0.26603235477852927
0 0.4353178657855463 0.38908245893235843 0.3725654760284248 0.24922520830765854
0 0.674185613976524 0.45581263072254574 0.2496192989592032 0.2492466738647796
0 0.7414472778167625 0.6091520408903708 0.19583920171816516 0.23272110207923688
0 0.8528230325664609 0.9082871885990305 0.21352466870147851 0.18342562280193916
0 0.8382326673467414 0.7678660352912935 0.26506723654387443 0.3064438672260838
0 0.8589423942796774 0.5223642811421085 0.24886902645796596 0.29432237552445356