0 0.32421875 0.77109375 0.27109375 0.19375
0 0.5671875 0.746875 0.2578125 0.24921875
0 0.7796875 0.75078125 0.23203125 0.221875
0 0.31015625 0.6078125 0.20078125 0.13359375
0 0.5703125 0.63984375 0.19765625 0.1078125
0 0.78125 0.653125 0.18203125 0.09765625
0 0.56328125 0.54609375 0.215625 0.1546875
0 0.740625 0.5703125 0.234375 0.1125
0 0.2953125 0.53359375 0.20703125 0.08125
0 0.5234375 0.5125 0.22890625 0.21328125
0 0.77265625 0.47265625 0.2453125 0.10625
0 0.3 0.44609375 0.23203125 0.09453125
0 0.3015625 0.3484375 0.246875 0.15703125
0 0.52578125 0.390625 0.2328125 0.1421875
0 0.746875 0.38046875 0.22578125 0.12265625
0 0.315625 0.23046875 0.23828125 0.20546875
0 0.53984375 0.22578125 0.2171875 0.28359375
0 0.74765625 0.2578125 0.228125 0.21328125