0 0.2114776993788329 0.6561523628234878 0.14305132096198284 0.09771257142762994
0 0.2547278994635375 0.5679353425309482 0.193763952503779 0.13762055113509036
0 0.276785639010781 0.4910552426931041 0.23326606826055976 0.17265011606989872
0 0.25695201017040786 0.37832341761202615 0.18109735253201384 0.10774213636243815
0 0.30929648919430763 0.2988501517837136 0.22401289462538862 0.12097852191409722
0 0.33835871779468435 0.6638302694784652 0.21626057878390342 0.175475107141445
0 0.38111682323988283 0.473364956572252 0.21484926820408995 0.2316432865245938
0 0.5480360966350576 0.7798758295420095 0.289243052475544 0.16894446347211095
0 0.4853702256871921 0.6687377321397973 0.20764444198043536 0.1347410129856435
0 0.5690935073278104 0.6054213003210163 0.33940965244730936 0.19947744317957133
0 0.7260245887425498 0.7806412629823483 0.1581904735504665 0.1432432597392328
0 0.8757214808782768 0.7512555462605311 0.18787797355046648 0.1437614569792892
0 0.7908312704114028 0.6873373222351136 0.17759292093374804 0.1279728157455871
0 0.9568424707431624 0.7254800247501757 0.08631505851367507 0.11882391233702042
0 0.813260736281123 0.6034396091667444 0.18531441567207593 0.12654668344033873
0 0.9169926810335685 0.5888606862764172 0.1231784367187636 0.13170574188232517
0 0.9622625944983317 0.5876351513733813 0.07547481100333649 0.1408898271096728
0 0.5717796205949295 0.49074119155471835 0.31037459983059074 0.18336151947846524
0 0.7798196337491092 0.49827482223511355 0.14992294724210709 0.13529439204448082
0 0.8720981390107809 0.5014464610331836 0.14550846302712267 0.13990007142762995
0 0.94565194717152 0.4819209395228281 0.10869610565695993 0.1054432508107789
0 0.5644081943995097 0.3641786915547184 0.31255872611071533 0.22086151947846525
0 0.6436483733669397 0.3444895288106608 0.3298526419239655 0.19618880194586935
0 0.7816866996611816 0.3695322134688156 0.21542612087727803 0.18794783360249454
0 0.8725392128153612 0.37502032872793534 0.1706904735504665 0.1434614480508353
0 0.9336454998588255 0.38567718505860127 0.13270900028234892 0.14793075973923261