0 0.329312883599151 0.9561780781303011 0.44997785668871887 0.0876438437393979
0 0.7932825484498571 0.9530803930985764 0.39369500569998317 0.09383921380284725
0 0.9812485440872563 0.9625893462712865 0.037502911825487574 0.07482130745742702
0 0.27044062815126935 0.9251711587076731 0.316881133423924 0.1404365493591783
0 0.6070665430019755 0.919783009661056 0.39842606436617345 0.16043398067788814
0 0.8867994215590954 0.8846975362819707 0.22640115688180912 0.15044646641955417
0 0.16285236725550606 0.8465972362050019 0.16291489926336586 0.10076887023308564
0 0.4011664682442417 0.8330977645127883 0.3726940908492771 0.13615084264308946
0 0.7462550931181909 0.8085194382814038 0.3632862398605413 0.1576438967267734
0 0.9548338735365668 0.7934301847380247 0.09033225292686638 0.13298116950744615
0 0.2483203376703093 0.7537227446425224 0.3146302185732178 0.15282742195451693
0 0.5695179944752438 0.7329861810250096 0.392831628228144 0.178938543368729
0 0.8661812829393913 0.703737712960993 0.2676374341212173 0.1654911130615094
0 0.1652568293724361 0.6580803732283105 0.23261539406758575 0.13905260943331238
0 0.45213411649920143 0.6369246581595188 0.38839550050420313 0.1600794159640671
0 0.7843949594421653 0.6072223223094874 0.33548902179152656 0.16134925008481815
0 0.9631219849168628 0.5939485399101677 0.0737560301662743 0.10694445916315978
0 0.09044286364920981 0.5689608203257528 0.10400979282674849 0.08312501324684404
0 0.263006278499916 0.5625173912844778 0.2821783514929388 0.1345486479078996
0 0.5590564698337256 0.5276538402808366 0.35380197921687967 0.15575401451278842
0 0.8595272733425731 0.5215427718540004 0.2809454533148538 0.13714785825218598
0 0.0889953421097848 0.4925347295815799 0.11571211733238065 0.09444445916315977
0 0.25961384470767485 0.4805679868379741 0.28675659084927707 0.13314983901489227
0 0.6034077673520511 0.42632944245775495 0.39173902179152653 0.1633135433687288
0 0.8915778077453975 0.422071050709941 0.21684438450920487 0.13323911905195923
0 0.15211841896120543 0.4144667824841376 0.25016352698730665 0.12251987386128267
0 0.4577403522492435 0.3604539273968125 0.3923945856534969 0.1726885433687288
0 0.8316641713069938 0.3470139978073833 0.3248028940675858 0.14227186787083285
0 0.08857508900769165 0.36392857994439964 0.13235331411407197 0.08723215988879929
0 0.3162523387555901 0.29862107159169715 0.33727004307885 0.16452881378714893
0 0.696622899767569 0.2659227105139223 0.37444226114786494 0.16115084264308946
0 0.9255214829876639 0.25681063845888896 0.1489570340246722 0.13465279691210788
0 0.14050393974432582 0.27066221878180674 0.25281863342392397 0.13819943756361353
0 0.4730108011246218 0.18875254218760248 0.3994422611478648 0.1620238618803831
0 0.8177334392401227 0.14779524780738335 0.33406863342392407 0.14103675008481803
0 0.10726011498659213 0.18533235399101677 0.19813113342392402 0.13628970798203355
0 0.26737280632040183 0.1457217608845912 0.15906863342392405 0.1349256154237622
0 0.4199079444359028 0.0980531311176768 0.16168018119435104 0.1054018065307547
0 0.693558611884499 0.07721487457907285 0.3621172237689979 0.11863596042910426
0 0.9199572209190064 0.08278286141704694 0.10433757475773361 0.08781251324684392
0 0.08864687278026226 0.13090774881887363 0.16680472376899796 0.11181549763774727
0 0.0947058486429472 0.07266866288402421 0.185041271539425 0.0828373257680484
0 0.2561678725281607 0.06349953792643322 0.18547831411407195 0.08908732576804841