0 0.23126950227180237 0.5981862737444326 0.1177012303552929 0.08410276232447203
0 0.31824511744944883 0.6417116236990041 0.1484075748547749 0.10753361827193722
0 0.44035986600170673 0.7034447410664301 0.15360449710451593 0.1187167797373263
0 0.5977036391610705 0.7685828194242755 0.2027697431755744 0.13688028154634874
0 0.8166548463569996 0.801099827564876 0.3009247609582548 0.269836623699004
0 0.7154497572342011 0.7030540739468314 0.40019270678164426 0.19242867593756774
0 0.2467275283266503 0.5452217260284249 0.1636687018192456 0.10053998982323478
0 0.4183713959854961 0.632930845204873 0.23133139081820958 0.14772925033868417
0 0.2742467526860871 0.45002541270858465 0.23754284946188076 0.11376368611433296
0 0.2787672787409351 0.3964876549066686 0.25770980024766904 0.1117032191310198
0 0.27233103411761855 0.32523013059640904 0.2590539764263514 0.10709760628614955
0 0.3536453083104396 0.4814635204650723 0.26011136228216236 0.16326571913101978
0 0.4610233147205804 0.5112505970138954 0.2806421861034799 0.16901775214770645
0 0.5309569791124386 0.5570001882620396 0.22210624813797325 0.21738665309764613
0 0.44227966108208927 0.32634333050555203 0.14746150496239868 0.08722111827193721
0 0.4242424445805352 0.3908628539113003 0.09019266046291677 0.06239818068726617
0 0.5328190779551468 0.41291931761525325 0.20549232878371626 0.09493844301173801
0 0.5771640833318303 0.3443231258467107 0.2594906240689866 0.11647260628614955
0 0.754347321545006 0.4003694872212429 0.32043243217453854 0.18668993102595036
0 0.7499937694353103 0.5076906642904644 0.3074572431755744 0.14236672094004205
0 0.7454390101296852 0.5939590349372507 0.3215582845319034 0.1773968181810801