0 0.059176092852456307 0.7995409368664793 0.11835218570491261 0.2007908612399266
0 0.14342382848081922 0.8122540394240032 0.09979836463846721 0.14898292154477702
0 0.23384324003980614 0.8359410034178456 0.13777852570316257 0.12264768052176755
0 0.3572462479484716 0.7977319554096354 0.13312020060802238 0.16167381908544912
0 0.47366708540090147 0.7775280188377437 0.1340460306460784 0.14605790944452862
0 0.580953003385679 0.7706553292407898 0.1551862015966055 0.16648858411256384
0 0.6853712479484716 0.7958229800029157 0.11615819368794007 0.12877041549465282
0 0.7969454179104155 0.7795525645082628 0.14166752965749527 0.14141586123992678
0 0.8984760844123183 0.7797429411680877 0.1119163626613009 0.1396806444174139
0 0.03854989300446189 0.6692130874322133 0.07709978600892378 0.10055451190385653
0 0.13338427810025838 0.6560994881943392 0.1372691897336074 0.11014768052176756
0 0.19442259578102478 0.7299455334720749 0.0975991946765233 0.1333488311856975
0 0.27986534726389956 0.7224188589022357 0.10876218775644109 0.10060905405833438
0 0.39501018619920425 0.6951927626894235 0.137205522737413 0.10858518052176755
0 0.4952476081383145 0.6696155248878679 0.12145318874502423 0.10536927693097127
0 0.6025971931192864 0.661180335290914 0.12225168479069151 0.08662836729005097
0 0.7220501886706622 0.6815741276417835 0.12990235870696817 0.12103972872636959
0 0.8394286896592453 0.676204850710812 0.12770318874502423 0.10540563836728971
0 0.9305311921307032 0.6639588598841943 0.08902269072219049 0.11455337939029935
0 0.2506500325488827 0.6343285064429077 0.10394735376405231 0.09745678298109546
0 0.34017544756791074 0.6416183107958296 0.12390702669174569 0.12725336729005096
0 0.4468538704956041 0.6113172115579555 0.10069501977166344 0.09431360226293624
0 0.5341947030051182 0.6147144014494967 0.09269151878308043 0.08958065046753809
0 0.6188243709898957 0.6079735220591975 0.11309686068413445 0.1303147347764936
0 0.7089082015222434 0.6207275312325796 0.09779551285158128 0.06149201190385671
0 0.7906476328528939 0.550737218099059 0.1344863824329643 0.2335397287263694
0 0.8953497203053237 0.5306014592202644 0.15897704646340927 0.22118517447164338
0 0.045607659316084265 0.5645210422526736 0.09121531863216853 0.2006363251355733
0 0.13089063087572747 0.5639483496306577 0.13627437551288213 0.20074540944452862
0 0.23650130232054614 0.5406830455723233 0.12693386760421674 0.16319995764913067
0 0.3408213877958097 0.5299222866935287 0.14281353558899426 0.1695408612399266
0 0.4573377257425312 0.5073746001216369 0.13050453657757738 0.1741556383672897
0 0.5661861437273087 0.5004928201656036 0.14829953163466172 0.1508272226762452
0 0.68246505973492 0.502940588414172 0.13901737353571572 0.19138859016268786
0 0.04959812819430479 0.42385059045727547 0.09919625638860959 0.11934087334017515
0 0.14397024551419466 0.41546994301479934 0.11918503460041108 0.16471700585373253
0 0.24339458395520772 0.39067850039278346 0.1168585306460784 0.14595791549465292
0 0.3496910049057348 0.36975240115490926 0.16762253460041113 0.16499880698520056
0 0.47781600490573484 0.36900699171038065 0.11941052768032882 0.13191359621281204
0 0.5990370888981236 0.3651774888817102 0.1612452006080222 0.1618374455488821
0 0.7457847549057348 0.3674479951282262 0.16175453657757757 0.17433744554888211
0 0.8666556704190544 0.3722122422995558 0.12097302768032883 0.13192268657189166
0 0.946948006882901 0.3569048839864953 0.07811436562705013 0.15354315651766237
0 0.06713051429727498 0.3268755965073997 0.1286873685927999 0.1678965480082102
0 0.17387260422116282 0.2950119972695255 0.12186436562705039 0.15379768657189175
0 0.27570435965837026 0.26864441910889014 0.12342686562705038 0.15380677693097136
0 0.3884271941450506 0.2625211632551577 0.15824753460041113 0.16494426483072291
0 0.5285428581754955 0.27420303093799203 0.16478669467652338 0.13373971662612102
0 0.6679873601526618 0.2640189889799061 0.1485886917107738 0.11958631303532483
0 0.8001141106469534 0.2609071036376784 0.14759919467652338 0.13363972267624522
0 0.9111789446393423 0.25713668814302554 0.1227901956651067 0.13818177693097136
0 0.009400221825379527 0.32647614158874366 0.018800443650759054 0.1189227168225127
0 0.005983403156029949 0.1976062530250621 0.011966806312059899 0.13916249394987582
0 0.07426319441078696 0.19328184650739968 0.14852638882157393 0.12429199375348406
0 0.20793588091290852 0.16828132562655257 0.2082183596955513 0.12618174668035032
0 0.357727633878658 0.1533506963344491 0.10713602076024671 0.09903746369925477
0 0.4482252998862693 0.15594845550783126 0.11398819863085592 0.1521897347764936
0 0.5361563814072001 0.16402860021983284 0.14485619665368965 0.142996541958086
0 0.655846798897686 0.15942693775024208 0.16147069368794006 0.12903403590796175
0 0.7839572114452562 0.17820823312617362 0.12776685574121877 0.1069681383672898
0 0.8843219673767553 0.1495059953246179 0.09964185574121842 0.10680451190385667
0 0.9543797993919778 0.1553469291660351 0.057292529657495095 0.14092498184962737
0 0.717178229734045 0.09189854928475642 0.0694450197716634 0.09413179508134392
0 0.7874416501902803 0.07602967223214811 0.14699169961943923 0.15205934446429623
0 0.9073230686693495 0.06707230786896341 0.1353538626613009 0.13414461573792683