0 0.22544967150239822 0.9568091075484819 0.45089934300479645 0.08638178490303616
0 0.6903728531838292 0.937660371548423 0.3973732526208936 0.12467925690315411
0 0.9022313055278677 0.9206658396849839 0.08479410703211557 0.08107845048646745
0 0.16932916795865394 0.930328428165333 0.3199491594684389 0.13934314366933406
0 0.5078001850775171 0.9106537893656153 0.40183950956072395 0.1786924212687694
0 0.8137183204872626 0.8495118141174387 0.27563795496493204 0.1608865016215578
0 0.07516322447858884 0.8654222228076016 0.15032644895717767 0.1059069009729349
0 0.3078187739110351 0.8352064374975285 0.37629928901808823 0.14859678165333
0 0.6558545581487614 0.7865327528360785 0.3666634731635295 0.16871836688067746
0 0.8886763525655205 0.7538368498312537 0.1367361412698415 0.13661143019392802
0 0.1605117797711313 0.7661546542193456 0.31948808451458144 0.16321266071216733
0 0.48475961058508493 0.7225406164736404 0.39775278685861987 0.19111156412073402
0 0.8064331539221097 0.6702782816500346 0.314039120911776 0.17560356655636583
0 0.10176874691768104 0.6756739301939279 0.20353749383536207 0.1446069366867498
0 0.3754229858157976 0.6345985113607904 0.3918637322628281 0.17227974350388298
0 0.7112090939276471 0.5818003883877377 0.340301232262828 0.17137971671852165
0 0.9116491849206335 0.5540141278344308 0.11482156847545255 0.11125687418757338
0 0.03555226403654414 0.5915932106327371 0.07110452807308829 0.08614778003177204
0 0.1908965939276471 0.5727182999172744 0.2853739003691403 0.14232741639421018
0 0.49162658158914596 0.517744022317839 0.3587508436138801 0.16701949918592582
0 0.809454431681431 0.4888782771858077 0.3169242890180882 0.14756038717321687
0 0.040549447102251154 0.514249460632737 0.08109889420450231 0.09724892126547413
0 0.1937595805094118 0.4914273896088489 0.2900614003691403 0.14240923701106123
0 0.5445291409652998 0.4122985917168741 0.3951889913621267 0.17545929058178372
0 0.8480441671834615 0.3870936347342897 0.2494364003691402 0.14170012499835227
0 0.10937859269102942 0.4310199492686514 0.21875718538205885 0.13078989853730275
0 0.4034523604282014 0.35586953936396765 0.39735226866002266 0.184861564120734
0 0.7806249321428563 0.3163078019425741 0.3281621776670363 0.15243880194586934
0 0.050023379088224 0.38700116801906326 0.100046758176448 0.09275233603812652
0 0.266762691242155 0.30420980762791217 0.34206399136212673 0.1745319902574721
0 0.6507056971022511 0.24443102759284482 0.37790136181247735 0.17359678165332992
0 0.8830268437707636 0.21954762458802 0.15714877081949083 0.1385284862002823
0 0.11027856107419684 0.2895455154212755 0.22055712214839368 0.14784103084255093
0 0.4325354904392761 0.18274568506189653 0.4029013618124774 0.17403315827653532
0 0.7824038849483201 0.1176793871699217 0.3375371776670361 0.1526024431795714
0 0.08319442936507919 0.20543356818121902 0.16638885873015838 0.14211713636243806
0 0.22945006323366518 0.15417285145940202 0.1649612708194909 0.138664853895034
0 0.38653018044481335 0.09512690827653533 0.1647214389258032 0.11056712743398434
0 0.661439345311923 0.06472989082336966 0.36462130937615383 0.11249564041962787
0 0.889053205583241 0.05227830397116896 0.10626858883351815 0.0752102800317721
0 0.06808986351052036 0.15280344602224047 0.13617972702104073 0.11810689204448095
0 0.07813549198043553 0.09357845048646733 0.15627098396087105 0.09028190097293468
0 0.2252817998154299 0.07275921022569998 0.18705751387966066 0.09378873051823944