0 0.13980140289514065 0.8703125 0.2796028057902813 0.2125
0 0.43143522508166876 0.89453125 0.3987963879720082 0.2109375
0 0.734287537944142 0.91875 0.32950101369695445 0.1625
0 0.12396568318883465 0.66875 0.2479313663776693 0.334375
0 0.3491475564149812 0.67109375 0.4588603174358653 0.34375
0 0.6827044950024006 0.74375 0.3619386958601039 0.384375
0 0.8497377070350367 0.76640625 0.18570623735195255 0.30625
0 0.22227543516318077 0.396875 0.44455087032636154 0.340625
0 0.5736310286200869 0.43046875 0.3908673340326049 0.3125
0 0.835893307664381 0.48515625 0.27611774979950743 0.2828125
0 0.10301548837763794 0.16640625 0.20189807718412758 0.23125
0 0.3378524296643497 0.15 0.41818685062934424 0.28125
0 0.6730194124429103 0.21171875 0.3684003381817895 0.3046875
0 0.8856844331888347 0.25078125 0.21394963652211557 0.3078125