0 0.275273634412578 0.8163531818189199 0.28315937220695975 0.32345959068231733
0 0.11257038896069198 0.5949739060383223 0.1590369755977819 0.4026823439616777
0 0.1977394474805286 0.6739000881959265 0.15318508188408816 0.3774366824962884
0 0.30942827233530346 0.5682908180695385 0.16574924028009033 0.24560682835784534
0 0.24671856472508963 0.4422063528952475 0.13831344499482007 0.22546474672063965
0 0.41604633767956567 0.772346475012372 0.13199497849326605 0.2905984237898611
0 0.5246957456612831 0.7487275113084191 0.18250440074300708 0.3041563127540131
0 0.43276091853019655 0.49714175712454756 0.17488029941909958 0.40818871551297525
0 0.35431920306209985 0.3407080506566839 0.1771320041338292 0.3896024898232347
0 0.5207041441279785 0.09818527872127361 0.22264990363849116 0.195593540252776
0 0.578362478702663 0.2323279053609538 0.24017135152879537 0.304061137493814
0 0.5031611557099149 0.5417715044110141 0.12904976095825482 0.26082903663473156
0 0.6149998378844534 0.36601350859488563 0.21280833085063086 0.2854815558566083
0 0.6297043850317505 0.5522852012679393 0.19009426881613756 0.23285452283992142
0 0.6522920527333775 0.7700968210102145 0.18854038502724127 0.3668200870642728
0 0.8265108027333776 0.7609664032132473 0.24017135152879518 0.3040611374938139
0 0.7529428318885975 0.5333570595902538 0.32029549917143035 0.31761238240543144
0 0.9234756939658719 0.7706922060176377 0.08988025310037173 0.28994997060135785
0 0.9260870794073981 0.5640294482157217 0.10023124813797324 0.2109994549975255
0 0.7248350643108049 0.26673612562362736 0.24885714681406554 0.32322057326946274
0 0.8648222094722406 0.28979408808438484 0.25129725020488786 0.40907618611433305