0 0.11640625 0.8581653485511256 0.2 0.2800040823551132
0 0.3515625 0.7212208513289028 0.409375 0.4918589420081222
0 0.55390625 0.7316915746493157 0.4515625 0.49456243984865367
0 0.69609375 0.8733610356312275 0.159375 0.15708821406423076
0 0.790625 0.7712094478774436 0.159375 0.16646321406423076
0 0.88203125 0.8231643692229582 0.2359375 0.17449456199704763
0 0.9265625 0.7015606770579526 0.1453125 0.15931204811738695
0 0.0875 0.638142745219638 0.1640625 0.19801360271317883
0 0.05703125 0.5229077714377998 0.1140625 0.10730945712440043
0 0.1171875 0.3948340337763009 0.234375 0.2447069324473982
0 0.4203125 0.4707214011443327 0.3046875 0.20858776218161768
0 0.58203125 0.3627017427556279 0.353125 0.3929417782207466
0 0.76640625 0.408698955897008 0.221875 0.3126558960502036
0 0.8046875 0.5945270319305995 0.2390625 0.351257321096346
0 0.91796875 0.4872676395810238 0.109375 0.17732156847545255
0 0.9234375 0.5923859361572512 0.153125 0.09106269586563336
0 0.9828125 0.48623726327057704 0.034375 0.11939035009228505
0 0.06875 0.29950054981542984 0.1375 0.15724890036914027
0 0.165625 0.25579251773717193 0.13125 0.12872338217054297
0 0.340625 0.35239050817644796 0.2453125 0.26884533929494336
0 0.07265625 0.16643772594130657 0.1453125 0.15149954811738686
0 0.20546875 0.10562478909652999 0.25 0.21124957819305998
0 0.35 0.1486647308785521 0.3171875 0.24220129857881217
0 0.4328125 0.03466848935954187 0.25 0.06933697871908374
0 0.60625 0.13077333012181563 0.378125 0.26154666024363127
0 0.815625 0.25241987508305436 0.3359375 0.36684035317460406
0 0.76171875 0.048384128626798674 0.1546875 0.09676825725359735
0 0.84765625 0.08552346931524328 0.125 0.11269786397194567
0 0.9359375 0.14080364976005663 0.103125 0.22379605027685517
0 0.88515625 0.031398085289773794 0.1703125 0.06279617057954759