0 0.35452131506502643 0.7870365828904552 0.2933536998023559 0.2307707363742164
0 0.5975887756024875 0.7952149710814428 0.2856013839608707 0.28456541607077457
0 0.8109533255883701 0.8274049441197396 0.25740078925077736 0.2542721381909875
0 0.3394970125894822 0.6225276727387344 0.21618498407381015 0.16071358576539332
0 0.6007299151779659 0.68894899562725 0.21004139988706055 0.1353309484924896
0 0.8115609993647155 0.7310401271502778 0.19377936305535748 0.12311799091614421
0 0.5929258494776549 0.5950076769907982 0.2330840577372161 0.18386404334173853
0 0.7706637126035997 0.6429503247246834 0.24790542093374804 0.1446420466757184
0 0.3241912600292335 0.5466348524352926 0.21630681043863903 0.10940617728066222
0 0.5525969810900383 0.556726555928752 0.25216725768074627 0.24451450091808374
0 0.8017856390107809 0.5498539000290951 0.2569163998870606 0.13915732122152563
0 0.32851546800644593 0.4606813769810999 0.24212585779368573 0.12550940940281485
0 0.3298588891519553 0.3635990828904553 0.26460707352223156 0.19110245849442933
0 0.5540923206796341 0.43555305759574203 0.24963452090551302 0.17432954667571837
0 0.776058325941306 0.455227055179846 0.239076452503779 0.1532517721299113
0 0.34256474452656666 0.24800590486088697 0.26108723137238704 0.23746727546389107
0 0.56719301820409 0.27333997108144276 0.24844999445597934 0.3141892721299112
0 0.7759456629000658 0.33314476108920144 0.25216725768074644 0.24451450091808394