0 0.259375 0.95703125 0.4734375 0.08203125
0 0.671875 0.9546875 0.46484375 0.08984375
0 0.13515625 0.88671875 0.2671875 0.09375
0 0.35859375 0.87578125 0.17421875 0.0796875
0 0.86875 0.8921875 0.1546875 0.1046875
0 0.221875 0.8125 0.42890625 0.09921875
0 0.8625 0.80234375 0.16640625 0.09765625
0 0.128125 0.75234375 0.24765625 0.1203125
0 0.57734375 0.71015625 0.65078125 0.09375
0 0.28125 0.653125 0.4484375 0.1
0 0.73203125 0.6390625 0.45390625 0.10625
0 0.1203125 0.5828125 0.23515625 0.109375
0 0.5953125 0.5546875 0.71328125 0.11015625
0 0.29921875 0.50234375 0.4390625 0.11484375
0 0.740625 0.47265625 0.45859375 0.08984375
0 0.15625 0.44765625 0.303125 0.11015625
0 0.603125 0.40078125 0.68828125 0.0953125
0 0.24375 0.346875 0.45390625 0.10234375
0 0.70390625 0.31171875 0.46640625 0.08203125
0 0.13203125 0.28671875 0.2609375 0.11796875
0 0.5703125 0.2484375 0.68203125 0.1046875
0 0.2453125 0.1921875 0.475 0.10625
0 0.69609375 0.1625 0.46015625 0.0953125
0 0.1234375 0.11953125 0.24453125 0.08515625
0 0.56796875 0.09453125 0.7046875 0.096875
0 0.23515625 0.04609375 0.46484375 0.0859375
0 0.67109375 0.02578125 0.46328125 0.05