0 0.37421875 0.91796875 0.41328125 0.16328125
0 0.128125 0.75703125 0.1859375 0.2578125
0 0.2734375 0.728125 0.246875 0.19375
0 0.44765625 0.83671875 0.39921875 0.215625
0 0.66328125 0.90703125 0.2203125 0.1859375
0 0.66484375 0.73984375 0.18125 0.2140625
0 0.446875 0.6625 0.425 0.2671875
0 0.190625 0.46953125 0.16171875 0.20703125
0 0.32109375 0.48046875 0.19375 0.1546875
0 0.55703125 0.53671875 0.31796875 0.221875
0 0.2734375 0.35078125 0.24296875 0.21015625
0 0.47734375 0.34921875 0.33828125 0.17109375
0 0.7078125 0.43515625 0.209375 0.20078125
0 0.759375 0.5921875 0.1546875 0.19765625
0 0.8375 0.91328125 0.178125 0.1734375
0 0.865625 0.76171875 0.2671875 0.24921875
0 0.89296875 0.5171875 0.2140625 0.24609375