0 0.0668413542211628 0.6604166556276301 0.1336827084423256 0.147480179126093
0 0.17828560121823225 0.6982390594411616 0.18324753460041113 0.1702281983633867
0 0.2981378447924416 0.7244791225105203 0.1816558596955513 0.1311656983633867
0 0.4218008378723594 0.7529265263240518 0.19559102570316256 0.1285317716843643
0 0.6072144144503744 0.7784374138955145 0.37045837452429886 0.20797127894075854
0 0.09753757384082072 0.564203854539171 0.19507514768164144 0.17310022721932725
0 0.18874689323301716 0.49893846388766533 0.16504136266130084 0.14462799763774736
0 0.24363337000131255 0.6070212931990928 0.16851918973360744 0.11510418874473985
0 0.3474003571497313 0.6642484614405946 0.16890119171077372 0.12447918874473984
0 0.5674117682144266 0.6830901975607786 0.37795253954332697 0.2004315974524129
0 0.07420020946808985 0.44791665562763006 0.1484004189361797 0.13854168874473985
0 0.2987466343357686 0.5372246591710091 0.19526737353571572 0.19717264427970277
0 0.4132402158566994 0.5418079770496912 0.20187020060802235 0.16775796279135696
0 0.6329306333471855 0.530235526872206 0.4018012164253532 0.2496329892850447
0 0.798005193613578 0.6336903651693081 0.19428319368794006 0.13472720798203355
0 0.8703139337277463 0.6779735893085925 0.20894787155854927 0.1882887176006804
0 0.9017469589366172 0.557514756368968 0.1524485207602467 0.10362105172143128
0 0.873136480685447 0.4555355941179159 0.22303954646340926 0.22778772721932725
0 0.10999047083679636 0.36393103602751664 0.21998094167359272 0.19088792794496667
0 0.25450849749136106 0.3975644476455965 0.12537668479069153 0.09019346878180681
0 0.34590016003893115 0.413876439208076 0.19202035672980172 0.11748514427970277
0 0.5728446620160975 0.39658970237010194 0.3860541996194392 0.16950897966639794
0 0.8011924965027779 0.383154651829797 0.1495781887450242 0.10976192431676957
0 0.8902987588600675 0.3215326163504345 0.17550401878308045 0.09506450725639412
0 0.13269048319408602 0.22884670789721553 0.26538096638817205 0.15793158420556894
0 0.22187902270023194 0.279342726501537 0.2772522025851886 0.17975202050323807
0 0.3258980192401909 0.2920932084453697 0.2692487015966055 0.17479170199158373
0 0.4385425992782469 0.30376234002638264 0.25400570357377195 0.18362106496827516
0 0.6367400187458994 0.28357878168152945 0.36280770060802237 0.17337802413143513
0 0.8164394476050918 0.21957330146697726 0.31079953163466173 0.16063992195451693
0 0.3427711373386992 0.12689479438021917 0.374607363649884 0.156627033750082