0 0.22156866349897225 0.91015625 0.4431373269979445 0.1796875
0 0.208377596806789 0.7877059031404208 0.416755193613578 0.2504118062808415
0 0.23185023614124503 0.6649958288463836 0.46370047228249006 0.2763665525199178
0 0.2581826427387256 0.5167090930321485 0.5138847223568522 0.2787019423325034
0 0.2806836783277199 0.3484137340983754 0.5143648834215475 0.252184906439126
0 0.30085820996238144 0.19882291105797953 0.5408637164253531 0.2513952962517116
0 0.31247348368837763 0.08652749953778158 0.4906780326232448 0.16878137305303115
0 0.6306598902300866 0.9218535826073072 0.48656353558899423 0.15629283478538553
0 0.6566414114846248 0.8349161530739136 0.4786183844101307 0.2558267319868044
0 0.6790151130812303 0.6697457941401405 0.4750477154367701 0.24479830377355896
0 0.6944703112177948 0.5207998287798766 0.5094227154367698 0.24579851411925802
0 0.7262826798105946 0.35433975448583954 0.5081148834215476 0.2520030500126353
0 0.75934187201566 0.23406435840504777 0.4740582184025195 0.2588153396669363
0 0.7702541501902804 0.10062973277822715 0.45898236364988404 0.15693459092057754