0 0.38097765146847007 0.6272693802070377 0.41373614896967037 0.3186869602265734
0 0.6845520147458617 0.5755443275206031 0.40251338382282337 0.25251515607953634
0 0.4997607724195315 0.4823977946743991 0.28208248465266034 0.24042667624907357
0 0.7175994678554282 0.4719901005648624 0.25708248465266037 0.2382394596609254
0 0.2969317703449391 0.5040751794531023 0.4251239348624417 0.3460696664471289
0 0.5012971937855115 0.3469975368987046 0.3491767415011376 0.3270080166826846
0 0.677137643370593 0.33239992026328824 0.419894751048907 0.502378455042777
0 0.3053451537435552 0.345266815975232 0.4647084983496148 0.41782708925583256
0 0.11852058258271228 0.40171974194148163 0.13473388797200822 0.2213267787937035
0 0.18255608133331241 0.20894719010351884 0.3347823547785292 0.3009144083886105
0 0.4232393583030142 0.13677222785069526 0.2829112788438016 0.2513641762490736
0 0.6202919570582587 0.1414039488923384 0.3255024431608115 0.2828078977846768
0 0.1447941269743461 0.12574371083870398 0.27358290041956285 0.21019237210203653
0 0.3481074585081512 0.06699342742685206 0.2582413203356503 0.13398685485370412
0 0.5544875130722545 0.05141836262939854 0.280850026144509 0.10283672525879708