0 0.25572425264029647 0.9583398300721182 0.47901756175762483 0.08332033985576359
0 0.6678521795999005 0.9491142196991321 0.47202341567683315 0.1017715606017358
0 0.1337047809453194 0.9091055091180558 0.2674095618906388 0.11414046086541703
0 0.35243777975818513 0.8916134570656947 0.1807164540774929 0.0932084053945836
0 0.8636707964512326 0.8933494093817369 0.16264841567683314 0.11620949430041705
0 0.21620504387744313 0.8321085576550349 0.43241008775488626 0.1319488227570144
0 0.8553474825820369 0.803251086243473 0.17496655925034227 0.11025043502986129
0 0.12412284395658542 0.7744032007974306 0.24824568791317084 0.13870404977125012
0 0.5677542058598595 0.7191611480794796 0.65841555674306 0.14336302070465337
0 0.2705215046853605 0.6708086881639932 0.4567166644231918 0.1339841014423616
0 0.7208313932443049 0.6437643706284034 0.4631485208496825 0.14037957180708371
0 0.1147795935276205 0.6052531572944446 0.229559187055241 0.12747560904180588
0 0.5816528844688162 0.5639106036265631 0.723023626022532 0.1636040919430563
0 0.2850877730277606 0.5194825775066669 0.44775084138279586 0.14782839589527813
0 0.7256733205996204 0.4773581206284033 0.4658188797834558 0.12482730698944486
0 0.1480527462723298 0.4692072077312849 0.2961054925446596 0.13372691546256982
0 0.5861538310244616 0.40922310362656306 0.6960064849563052 0.14736084289298676
0 0.22849340987084527 0.36564775626826407 0.45698681974169053 0.13725457180708373
0 0.6849754274218226 0.31770971048416724 0.47340405925034224 0.11719664494534765
0 0.12384301379005355 0.3092139586812154 0.2476860275801071 0.1371779173624308
0 0.5498933852602391 0.2582775462558685 0.6900292695960413 0.1565903725282645
0 0.23232911520197935 0.21170513867708354 0.4646582304039587 0.14216027735416709
0 0.6736922496042885 0.16812728457236167 0.4675177721033238 0.12955117458062534
0 0.11274404090794225 0.14249858415618064 0.2254880818158845 0.10374716831236128
0 0.5442153497625731 0.1041349069131949 0.7132849131695507 0.15088588639597278
0 0.22256532178675464 0.06611988174322936 0.4451306435735093 0.11973976348645872
0 0.6445396101874145 0.04158231515756998 0.4671707796251711 0.06396254217180594