0 0.11577622078559738 0.9316318597073959 0.20083757142762995 0.1367362805852082
0 0.2557932946488593 0.8780353874428126 0.2933717191541537 0.24392922511437484
0 0.3895097755741358 0.8723497383164931 0.32955468100470675 0.2553005233670138
0 0.6230177508173694 0.8348335141520489 0.3965706314911742 0.33033297169590237
0 0.847558054795129 0.9186117149494795 0.276246674511885 0.16277657010104107
0 0.12102460268380859 0.7679713628415279 0.2418637662320544 0.25552787385944453
0 0.08369138717651227 0.5137371513105209 0.16738277435302454 0.3337243026210418
0 0.20814059334831775 0.612903962765278 0.3474161111986347 0.39699063487736125
0 0.2509316599046837 0.31065178495361134 0.4660649253226639 0.3044784393982643
0 0.4382138770335378 0.6409244324644101 0.34306380194586944 0.3266053996950003
0 0.42604470820040036 0.35302438896142396 0.3949808579522237 0.34811803020395865
0 0.6742486087695932 0.5065176373459034 0.42562293181548566 0.4034965144363893
0 0.3125391359586963 0.1393593196228822 0.6217967280826074 0.27842769851632
0 0.7072379813323136 0.18371657019156312 0.5511490373353727 0.34706728932201436
0 0.824478254060485 0.31774869091687574 0.34801612905554224 0.43136563487736146
0 0.8291467942418222 0.7219276978507299 0.3248513644450455 0.44644512100965306