0 0.08830322901730346 0.8013364344382345 0.1145866518867795 0.2409820427412485
0 0.15090721443582708 0.6118110705361429 0.2699561134861197 0.2761410605873881
0 0.2213514097378313 0.772463305389296 0.2605356493794971 0.27386816556640986
0 0.3922860353646519 0.7540298462564449 0.23999582884638357 0.2645164763542905
0 0.5647831609914725 0.7354779879534307 0.22341608260730722 0.23051998465266035
0 0.33164273739708067 0.5534863172121506 0.23549018527287435 0.2704112788438014
0 0.5258617503292043 0.5818327696970172 0.22330843401923312 0.28040158548249733
0 0.6898764377136498 0.6484847055851443 0.18579171364440422 0.3305666062284217
0 0.8649623880967259 0.7494048976970487 0.27007522380654825 0.23430875809787716
0 0.20673836262818987 0.4047905533147035 0.14535326708875881 0.17315592531467222
0 0.32493443316130327 0.40366391596739515 0.19319973370266402 0.15651379958972594
0 0.4350164753228868 0.33894837530073896 0.1482509465556454 0.1655802236549982
0 0.4858863050272002 0.41887175102568525 0.16285901583511767 0.18539581618646536
0 0.60962533339873 0.4736991157529694 0.21652958511458992 0.20817138797200824
0 0.6315194022824909 0.33815177944527947 0.16572795157021042 0.12325101369695446
0 0.8006307666265403 0.41851101782291744 0.2492966210079671 0.2090952705454317
0 0.8653368096460538 0.5576551055804998 0.26932638070789244 0.2324861489696705
0 0.9528655533778476 0.6495806512215335 0.09426889324430476 0.19758724025173785
0 0.9326774223407506 0.42666429209332685 0.13464515531849877 0.1642545219953242
0 0.8883998880967259 0.28658466636838054 0.14263744404836273 0.18698162697434612